######################################################################################################
######################################################################################################
#### JAGS model file written by runjags version 2.2.2-5 on 2026-03-25 20:05:28.477015 
######################################################################################################
######################################################################################################

model{
for(i in 1:n){
# Log link for the model
log(mu[i]) <- inprod(X[i,], beta[])
prob[i] <- phi / (phi + mu[i])
Y[i] ~ dnegbin(prob[i], phi)
}
# Laplace spike-and-slab prior
for(j in 1:p){
cat[j] ~ dcat(c(r/2, 1-r, r/2))
slab[j] ~ dexp(rate)
beta[j] <- (cat[j] - 2) * slab[j]
}
# Prior on r, r ~ Beta(1, p^u)
r ~ dbeta(1, p_u)
# Prior on phi 
phi ~ dgamma(0.01, 0.01)
}
#monitor# beta

######################################################################################################
######################################################################################################
#### Initial values 
######################################################################################################
######################################################################################################

inits{
"cat" <- c(2, 2, 2, 2, 2, 2, 2, 2, 2, 2, 2, 2, 2, 2, 2, 2, 2, 2, 2, 2, 2, 2, 2, 2, 2, 2, 2, 2, 2, 2, 2, 2, 2, 2, 2, 2, 2, 2, 2, 2, 2, 2, 2, 2, 2, 2, 2, 2, 2, 2, 2, 2, 2, 2, 2, 2, 2, 2, 2, 2, 2, 2, 2, 2, 2, 2, 2, 2, 2, 2, 2, 2, 2, 2, 2, 2, 2, 2, 2, 2, 2, 2, 2, 2, 2, 2, 2, 2, 2, 2, 2, 2, 2, 2, 2, 2, 2, 2, 2, 2)
"slab" <- c(1, 1, 1, 1, 1, 1, 1, 1, 1, 1, 1, 1, 1, 1, 1, 1, 1, 1, 1, 1, 1, 1, 1, 1, 1, 1, 1, 1, 1, 1, 1, 1, 1, 1, 1, 1, 1, 1, 1, 1, 1, 1, 1, 1, 1, 1, 1, 1, 1, 1, 1, 1, 1, 1, 1, 1, 1, 1, 1, 1, 1, 1, 1, 1, 1, 1, 1, 1, 1, 1, 1, 1, 1, 1, 1, 1, 1, 1, 1, 1, 1, 1, 1, 1, 1, 1, 1, 1, 1, 1, 1, 1, 1, 1, 1, 1, 1, 1, 1, 1)
"r" <- 0.01
"phi" <- 1
".RNG.name" <- "base::Marsaglia-Multicarry"
".RNG.seed" <- 5
}

inits{
"cat" <- c(2, 2, 2, 2, 2, 2, 2, 2, 2, 2, 2, 2, 2, 2, 2, 2, 2, 2, 2, 2, 2, 2, 2, 2, 2, 2, 2, 2, 2, 2, 2, 2, 2, 2, 2, 2, 2, 2, 2, 2, 2, 2, 2, 2, 2, 2, 2, 2, 2, 2, 2, 2, 2, 2, 2, 2, 2, 2, 2, 2, 2, 2, 2, 2, 2, 2, 2, 2, 2, 2, 2, 2, 2, 2, 2, 2, 2, 2, 2, 2, 2, 2, 2, 2, 2, 2, 2, 2, 2, 2, 2, 2, 2, 2, 2, 2, 2, 2, 2, 2)
"slab" <- c(1, 1, 1, 1, 1, 1, 1, 1, 1, 1, 1, 1, 1, 1, 1, 1, 1, 1, 1, 1, 1, 1, 1, 1, 1, 1, 1, 1, 1, 1, 1, 1, 1, 1, 1, 1, 1, 1, 1, 1, 1, 1, 1, 1, 1, 1, 1, 1, 1, 1, 1, 1, 1, 1, 1, 1, 1, 1, 1, 1, 1, 1, 1, 1, 1, 1, 1, 1, 1, 1, 1, 1, 1, 1, 1, 1, 1, 1, 1, 1, 1, 1, 1, 1, 1, 1, 1, 1, 1, 1, 1, 1, 1, 1, 1, 1, 1, 1, 1, 1)
"r" <- 0.01
"phi" <- 1
".RNG.name" <- "base::Marsaglia-Multicarry"
".RNG.seed" <- 6
}

inits{
"cat" <- c(2, 2, 2, 2, 2, 2, 2, 2, 2, 2, 2, 2, 2, 2, 2, 2, 2, 2, 2, 2, 2, 2, 2, 2, 2, 2, 2, 2, 2, 2, 2, 2, 2, 2, 2, 2, 2, 2, 2, 2, 2, 2, 2, 2, 2, 2, 2, 2, 2, 2, 2, 2, 2, 2, 2, 2, 2, 2, 2, 2, 2, 2, 2, 2, 2, 2, 2, 2, 2, 2, 2, 2, 2, 2, 2, 2, 2, 2, 2, 2, 2, 2, 2, 2, 2, 2, 2, 2, 2, 2, 2, 2, 2, 2, 2, 2, 2, 2, 2, 2)
"slab" <- c(1, 1, 1, 1, 1, 1, 1, 1, 1, 1, 1, 1, 1, 1, 1, 1, 1, 1, 1, 1, 1, 1, 1, 1, 1, 1, 1, 1, 1, 1, 1, 1, 1, 1, 1, 1, 1, 1, 1, 1, 1, 1, 1, 1, 1, 1, 1, 1, 1, 1, 1, 1, 1, 1, 1, 1, 1, 1, 1, 1, 1, 1, 1, 1, 1, 1, 1, 1, 1, 1, 1, 1, 1, 1, 1, 1, 1, 1, 1, 1, 1, 1, 1, 1, 1, 1, 1, 1, 1, 1, 1, 1, 1, 1, 1, 1, 1, 1, 1, 1)
"r" <- 0.01
"phi" <- 1
".RNG.name" <- "base::Marsaglia-Multicarry"
".RNG.seed" <- 7
}

inits{
"cat" <- c(2, 2, 2, 2, 2, 2, 2, 2, 2, 2, 2, 2, 2, 2, 2, 2, 2, 2, 2, 2, 2, 2, 2, 2, 2, 2, 2, 2, 2, 2, 2, 2, 2, 2, 2, 2, 2, 2, 2, 2, 2, 2, 2, 2, 2, 2, 2, 2, 2, 2, 2, 2, 2, 2, 2, 2, 2, 2, 2, 2, 2, 2, 2, 2, 2, 2, 2, 2, 2, 2, 2, 2, 2, 2, 2, 2, 2, 2, 2, 2, 2, 2, 2, 2, 2, 2, 2, 2, 2, 2, 2, 2, 2, 2, 2, 2, 2, 2, 2, 2)
"slab" <- c(1, 1, 1, 1, 1, 1, 1, 1, 1, 1, 1, 1, 1, 1, 1, 1, 1, 1, 1, 1, 1, 1, 1, 1, 1, 1, 1, 1, 1, 1, 1, 1, 1, 1, 1, 1, 1, 1, 1, 1, 1, 1, 1, 1, 1, 1, 1, 1, 1, 1, 1, 1, 1, 1, 1, 1, 1, 1, 1, 1, 1, 1, 1, 1, 1, 1, 1, 1, 1, 1, 1, 1, 1, 1, 1, 1, 1, 1, 1, 1, 1, 1, 1, 1, 1, 1, 1, 1, 1, 1, 1, 1, 1, 1, 1, 1, 1, 1, 1, 1)
"r" <- 0.01
"phi" <- 1
".RNG.name" <- "base::Marsaglia-Multicarry"
".RNG.seed" <- 8
}



######################################################################################################
######################################################################################################
#### Data 
######################################################################################################
######################################################################################################

data{
"Y" <- c(20893193, 0, 0, 610, 55, 93181034, 0, 148, 330, 0)
"X" <- structure(c(-0.418917218951607, -0.385652790903847, -1.30648496251872, 0.872436369468112, -0.937518962497343, 1.21032714413054, -0.518717905071409, 0.144152708545049, 1.12471729685058, 0.366324165725576, 1.46778908292571, 2.85024906279894, -0.0286066879171106, 0.311510178120859, -2.22719244526177, -1.94903812733414, -0.0714797912975581, -0.366286977670763, 0.817466858183051, 1.20877413032256, 0.278463113384803, 1.20814517224393, -0.657919204359445, -0.630040042549556, -0.319662270296808, 0.661710268531164, 0.680113629724306, 0.227900446348697, -0.292975151492875, -0.00543815886539342, 0.0927798784123722, 3.15214033807156, 0.407492195855246, 0.405000918181079, -1.37346878382746, -0.259622618725262, 1.24909806274092, -2.03093033703799, -1.1835064700711, -0.813136095836704, 1.41932284162476, -0.0491700431699773, -0.194166980944325, -0.403472383406239, 0.31896224211178, -1.13339779887772, -0.609181600758229, -0.791693479758762, 0.787318725014078, 0.207538527432788, -0.835379258798657, 0.182581244813822, -1.26743087188028, 0.356606694893053, 1.15680144035825, -0.394107519676924, 1.31390164396945, -0.203869264277848, 0.982697518260504, 1.66179108197054, 0.653532961125123, 0.500222987847195, -0.623406869873572, 1.39832410125965, 0.629485747917719, 0.464792801198578, 1.67427660913223, -1.21441596818631, -0.805033515968576, -0.676924003386363, 0.502594891055437, -0.139658347853013, 0.846205941846581, -0.824424244188322, -0.146137226633164, -1.80415153431022, -0.265996067953523, 0.72712048964408, -0.334864476378514, -1.73648303105321, 0.52686942888282, -1.13008973296224, 0.537281333922103, -1.21912892725568, -0.0639988295758188, -1.43166128024536, 0.215859588231288, -0.0965113050275056, 1.70742187022967, -0.344770538953879, -1.01510461911985, -0.480604162380246, 0.157530149543595, -0.280019491724418, 1.43242048228158, 0.0345902684749938, -1.26534822738598, -0.183979286382013, -1.25463663105424, 0.375776453526809, -0.174413798697238, 0.812578615807377, -0.863441355068769, 0.907098096657008, -0.956927873579461, 1.69648047858276, -1.68051985126171, -0.585579262162782, 0.0714703996518794, -0.985133934437112, 0.171296491359577, 1.20797230956187, 1.10837767909032, 0.486013688605414, -1.54815827915179, -0.422859631866635, -0.675036775005891, -0.54465107252136, 1.11499521881063, -0.872437817489289, -0.565003078478949, 1.62424884147876, 0.562817348985394, -1.24635614040932, -1.6218326708308, -0.117917892081518, 1.58387269708032, -1.1827173143449, 0.584284436963211, 0.869089385843253, 0.594779517574516, 0.237622967092115, 1.00011993389176, -0.681043794794621, 0.130054016751869, -0.0329023699959414, -0.829230142647041, 0.208070203062914, 1.00129484859358, -0.287162947613204, 0.419580677916752, -0.687352268891444, 0.184976200863352, -0.113099997874515, -0.747411604535108, 0.160173836580054, 1.48077358745064, 0.996150350567763, 2.07405423262245, -0.536246921588338, -0.273369138982902, -1.63545312872173, -0.724823153945143, 0.588878460092584, 0.548030438229436, 1.49315581068282, -0.424475720361838, 0.34134677472724, 1.08270108931101, 0.277577477276929, 1.86186381371745, 1.45674954960385, 0.0304146190811975, -0.209895998746921, -0.247062023442864, 0.155585787660095, -1.52828338137695, -0.147331583462166, -0.769159989898932, 1.08448882904741, -0.151144959141862, -1.62456724178443, -1.59151456635151, -0.495070636314865, -1.37295542039645, -0.168208231438182, -0.701114283815393, -0.801680189049924, -0.207460987157351, 0.494627664852385, 3.1950144097603, -0.674593240300695, 0.178007302734225, -0.622773993964548, 0.318789874514901, -0.324150423103383, 0.570896531234006, -0.704811946355801, -1.85854636928633, -0.72773639392887, -0.172922485731171, 0.842435884687948, 0.778594192765541, -0.219362195222876, 0.172692409899112, 0.788218054415846, 1.35969776153253, -1.60516098029998, -0.409227554808067, 1.62144638752711, -1.42168958667109, 0.17163883590126, 0.988462769162863, 1.38682271419483, -0.511932656768056, -1.94454333340478, -0.377726091884426, 1.2511835724632, 0.179921844812591, 0.891456664220858, -0.241307890357208, 1.23903821888153, -0.720117365007182, 0.882099177534945, 0.477525707939446, -0.919454876744774, 1.21806324042541, 0.244446948692558, -1.21384426249146, -0.29376925769245, 0.751589254860205, 0.113545540015387, 0.467610464834419, 0.51067425885234, -0.817023933944318, 0.0544826512882593, -0.00307129767125019, -0.91949789025712, -2.49788701772371, -0.520068588207805, 0.825968516116954, -0.883667591494719, 1.19330624594721, 0.163882453935856, -0.319077375551402, 1.22177885650425, -0.711399683201109, -1.89664727062037, 0.714453876534856, -0.639122028041011, -1.29319171259148, 0.4096253509652, 2.12968631747162, 0.690110631120854, -1.05630807392288, 1.14371931153913, -0.699215755479781, 0.224568724737189, -0.673254347113652, 1.47552879638972, 1.03145035695258, -0.0334368087267703, 0.174408860298243, 1.05441328652615, 0.344830985442908, 2.24244276924792, -0.732324085600295, 0.736800484785164, -0.353383249710245, 0.0198955414370995, 0.451500828374694, -0.664283414442381, -0.899733469370416, -0.72936192998135, 1.27254377206647, -0.312781874407771, -0.00907226889843428, 0.482683690428199, 1.06056474261798, 0.887387643825558, -1.2614131715538, 0.866836450482355, 0.573792633276312, 0.0370685373425198, 0.391509976755789, -0.113013952250451, -0.249234384971697, 0.564285726379556, 0.124871441724553, -0.10377151388718, 0.696272936340788, 1.28866283105239, -0.722014630693781, 0.141573891760075, -0.595229898127114, 0.360549412073367, -1.313388054094, 0.681848247890971, -0.000900235978228649, 0.698831488400442, 1.52637125518827, 0.978905537962932, 0.461644679187234, -1.09636896564517, -1.28470301348109, 0.852363869948866, 0.21735798464702, -0.985853980822918, 0.163066818410486, 0.0169633861101816, 1.03356297929013, -1.21185261481525, -1.72662919112589, 0.596779613628328, 0.273268382415607, 1.37411006244071, -0.41913015540976, 0.224201241848594, 0.453005403116499, -0.761836410684254, -0.247583424292799, 0.492413359984756, 0.807373486850695, 0.343488519300295, 0.184248808188177, -2.19658213883377, -1.00878591368322, 0.0579994019789121, 0.112394136069802, 2.00654573890775, -0.0182377908386953, -0.254941606372046, 0.145047365631205, 0.20219198892708, -1.67586787943984, -0.739080726786739, -0.993613164675097, 0.33729058355181, -0.417589445614585, 2.50195451827179, 0.873732588256117, 1.30990931133558, -0.795198038856418, 1.65890616690015, 1.33726503104084, 0.0208868507209977, 0.0329096543352852, -1.44508200688053, -1.17407433283877, 0.216155567592112, 0.466379326267766, -0.85549759017595, -2.60789810273054, -0.193738168300418, -1.19898737066894, -0.29282558232824, -0.353342504717824, -0.843582365872642, -0.118816882911188, -0.87678949969023, 0.864049318374188, -0.456787298523092, 0.50430869860114, -0.0443110898193052, -0.974009924180187, 1.34714255572305, 0.365376531949848, 0.0526538906092712, -0.454698300577984, -0.399414799679604, -0.233292619472346, 0.121606575863357, 2.18645100623387, -0.639496976362027, -0.181650460804259, -0.740214694718232, -1.04594632928067, 1.32052491599844, -1.25073302095226, -0.191780273970285, -0.237986454363317, -0.153880417506374, 1.23897144371902, 0.0559415624490506, -0.0224804264657066, 0.358234668754316, 1.04731877494801, -0.462368032535928, 0.0825796452359976, -0.547699434022792, -0.037052961868095, -1.20820190798903, 0.884282778528573, 0.494956351688757, 0.118427091087316, -0.78382232566564, 1.6400718384941, 0.286024552032845, -0.631528945478981, -1.00317691827693, 0.203528676644007, 1.1480446400309, 0.564994143433629, -0.604254914582255, 0.453488827798577, -0.808965517217225, 0.315392092166694, -0.735653892717974, 1.41712157187456, 0.245158027959191, 0.603998797554499, 0.401335053709415, -0.553063233610149, -0.990587374269479, 0.477577932283321, 0.413354280474239, 1.81424266332624, 0.609459792419031, -0.564353680924498, 0.0563163686686703, -0.468974239061181, -0.24471105964349, -0.0391644273483194, -0.415534270811916, 0.899849631339685, 2.33637384734789, 0.131189616592395, -0.033044952054321, 1.0442031913512, 0.268401181516645, -1.05377602936256, 1.17181473102131, 0.898265504475394, 0.703661683235728, -0.199042207327577, 0.811424094194372, 0.448822047050833, 0.613757183280021, 0.268549890793258, -1.03105538955841, 0.00179059479680396, -0.585213786802732, 0.0812538371059291, -0.765406470178347, -0.0424115441278924, 0.776477876172999, -0.287331808965555, -1.48730328123227, -0.721139710265117, 1.25554370819501, -0.528177314635295, -1.15791506711045, -0.574358976624591, 1.07719768378181, 0.665024417528009, -2.04763802032644, -1.24235018488166, 0.631026111996907, -1.8913727089189, -1.03959447358274, -0.759827929199124, -0.274087657712997, -0.913655770234456, 0.976697237267332, -0.701800774587975, -0.216091136546969, -0.172551080279237, -1.80163663343424, -0.362543443375268, 2.29140702633622, -0.681185701473397, -0.627115305157691, 0.18910371648704, -0.35099269405762, -1.23941846267286, 1.35185015986599, -0.130822747436694, -0.0427269641190159, -0.684132284243856, 1.13231681354532, 0.381929142832309, -0.833826549986706, -0.685773371277207, -1.33456476910913, 0.734926189690638, -0.299799390238207, 0.976481455337139, -0.45218831644345, -1.03019246452185, 1.47000441842073, 0.178154728883049, 1.11560807040677, 1.63572619250799, -0.273294072404149, 1.03278932229273, -0.413023632428071, 0.143350266521869, -2.27204904594418, -0.232243309401405, 0.577029862234624, 1.20834329832391, 1.81390729157463, 1.32579631502031, 0.456376603060867, -0.382886339264175, -0.661429038600272, 0.645750078086178, 1.50066534425185, 0.697719378672879, -0.642441898641137, -0.025961332737683, -0.226187765007791, 0.207103285294996, 0.895809478963069, -0.444043893613136, -0.0899103045076595, 0.929902474494309, 0.283459455918499, -0.640749453663642, -0.389300591071905, 1.39080857518446, 0.683207526735795, 0.886170712568462, 0.767866893776543, 0.930912233646394, 0.900543482446761, -0.20597097192872, 0.819527103347573, -0.657064319658405, -2.99233926219016, -1.42161192647056, 1.49420034348668, -0.274298392531943, 1.07589568164234, -0.183737939348186, 1.40176126200257, -0.116089733631709, -0.978713772180411, -0.699711953024284, -0.118962181082443, -0.348416814781215, -1.40986884015082, -0.534477520829963, -0.0515597720751755, -3.16144988436201, 0.603609509524215, -1.7316696013226, 0.626993541907506, -0.92490436992377, -1.58371469204077, 1.58773292880713, -0.383569476630587, -0.217633181990657, -0.398814140344539, -1.13926281828416, 1.16576982931548, -0.0875682433313838, 0.395059582238904, -0.145808701222885, 0.964618555318644, 0.351443957433528, 0.478328593159814, 2.08300635132373, 0.974388719124095, -1.72389007135763, -0.129839138573253, 0.776740963096271, 0.271329176302014, 1.26769387636989, 0.00763220360937837, 0.691150619981589, 0.992965471528328, -1.12406201889903, -2.04845932009502, -0.287675524046851, 0.782798965747884, 1.30492547796035, -0.138144828070871, -0.569985762338534, 0.857806750793471, 0.950752789385932, 0.0850020904006732, 0.362486777586561, -1.15952431951122, -0.389805543135297, 0.40332579802857, 2.08839242544296, -1.11162872660393, 0.231860467520789, -1.71321717806065, 0.00284064719624762, 0.440579108136725, 0.146706572024057, 0.618844087213804, -0.33159849926918, -0.226056525782461, 0.0308270611395529, 2.46794335704721, 0.566499636429113, 0.525390710782882, -0.120494207742627, 1.01052416644353, 1.18205514979576, -0.083065495150934, -0.528449306650616, -0.306025253729091, -1.69272013868097, 0.841617819939897, -0.831588888140696, -0.471967123106942, 0.556106418004288, -1.4501644568146, 0.287000966932859, 0.482818566110712, 0.238318669742762, 0.162308132784027, 1.13793847465686, 0.386349113371426, -0.966722356486104, -0.86087839120652, 2.37351502981718, 0.135320525385982, -0.989675713734354, -0.186357187710925, 0.133861090046326, 0.597291176092174, 0.458314052623877, 0.497827853106207, -0.741461987391042, -0.0896979853387359, -0.831307017508992, 0.130198810143496, -2.04556031330162, -0.793536065617582, -0.0745371741570946, -1.11282958557253, 0.61600747580415, 0.57342483371188, -0.858662082565681, -0.611785383540513, -1.30699226785782, 0.840320223922555, 1.33532971951598, 0.279707732913287, 0.294572811913157, -0.385207878957967, -0.0264673235648995, -0.379960557323018, 1.00396459418159, -0.519639538680741, -0.0148595063384641, -0.971291611774596, 0.283818101538179, -0.559129345804272, 0.68443760834829, 1.88026932960942, -0.863226641440229, -0.12801335930108, -0.213932742237049, -0.742400998843787, 1.13972429035252, 2.01326288491643, -0.486590399642857, 0.163527094780821, -0.454994713396988, 1.48500433544083, -0.241755651130163, 0.444502890253718, -0.425639265682819, 0.744073014732809, 0.576769007004631, -0.146237681852865, -0.0483101832266713, -0.266264600812394, -0.694093234004279, 1.60159886127884, 0.573122489103759, 0.242326149748534, -0.918245825793265, 0.215394248694156, 0.653642718459883, 0.0211637850369024, 0.0657619991022852, 1.30178741381788, 0.315336461814517, -1.18144146702943, 1.45510329512691, 1.60163907630171, 0.250369097542496, 1.03511200311677, -0.0510902611340056, 0.965636136669368, -1.2218164853926, -1.82862537879271, 1.53320074760795, 0.118170704343696, 0.853532793209261, 0.323214449563775, 0.0010258262846649, 1.33265361297485, -1.87063146981301, -0.712118318500545, -0.144357722146057, -0.21955713445083, -1.60752793571963, 0.176490455313302, -1.35361182183532, 1.07301103513674, -0.519857384033717, -0.641089393041652, 0.562163318074729, -1.09084611595095, 0.327307420306186, -2.52820597704204, -0.691588319299405, -0.390090492704651, -0.260270582471305, -0.632039586479561, -1.41861779991916, 0.578944880032935, 1.79489419429413, -1.52929626004669, -0.22308035463107, 0.358708550564777, -1.32697004194717, -0.809427777586853, 2.36922222692218, 1.01761083871536, -0.667439408584746, -0.473461835605161, 0.704510052576862, -0.364591441005804, 0.640405911542687, 0.604826527820125, 1.38000718009201, -1.71398884057637, 1.21789220031234, -1.05417317471945, 2.25418128675944, 1.45844574879425, 0.841610436548994, 0.0886725133136409, -0.51669739927047, 0.044425616566247, -1.26930443387446, 0.514156537524604, 0.170931807752532, 0.640684633927139, -0.0633461725602609, -0.126264404998849, -0.137842713867439, 1.26618963669562, -0.0586671919033024, 1.28140604726762, -1.90945417733764, -0.196573971942709, 1.51175818996494, -0.658378711573577, 1.16355617009734, -0.414204054568308, 0.0166777502526907, 0.407931993883153, -0.246535347155345, 0.275705982720244, -0.515286705431346, 0.124976499841294, -1.71149269568427, -2.16600419779124, 0.281861308938773, -0.227665661325693, -0.706244880429845, -1.48117485793337, -1.43237664736528, -0.868926162895157, 0.0582846580196678, 1.20701779732164, 0.260389170451462, 0.0815625089991588, -1.28566659232656, 0.370236720211907, 0.156993681023354, 0.142224616198012, 0.173911675468939, -0.315609149045439, -1.33894339050058, 0.969055714973959, 0.793755227547123, -0.615784497994439, -1.69220202066174, -0.794500767873787, -1.09843295854087, 0.103955697266251, -0.111404509960027, -1.04028646039912, 0.167159664147591, -0.51857832795272, -1.23488850359892, -0.0283353611909681, 1.19656033833084, -0.055428016913878, -0.337904070070058, 2.33726813166506, -0.460965676395784, -0.0909600473494913, -0.00289139970433179, 0.756439129102368, 0.0601238274045162, 0.592152686911917, -0.98986719300329, -3.03168421364163, -0.705836740001641, -0.500419435941221, 0.355768441145509, 0.867202657793397, -1.27075240876717, 0.815620291679278, 0.0532037388208952, 0.315146856537047, 0.148261598471356, 0.399615410838945, -1.37552324869538, -1.09863642429787, 0.0696605799696333, -0.209568716512061, -0.150315813606838, -1.27049624885117, 0.601034129048164, -1.07818477245018, 0.236597807756502, 0.279491715438993, 2.14854031986027, -0.924410394672726, 0.334557566021503, 0.258286602388565, -2.25265741425545, -0.0803305450868016, 2.35614263811695, -0.319876483491488, -1.50478457817989, -1.5579624108006, 0.458981310311569, -0.416239307399176, 1.03864776473001, -1.38581856978978, -0.752590432776118, 0.14741709170502, -0.00691051536387304, -2.04403279329378, -0.188562419427621, 2.74686229378499, -0.545046487774446, 0.446986059743228, -0.390401125176022, -2.31181008286481, -0.512221989940058, -1.89771895582733, 0.141011078225001, 0.386848394079815, -0.365033664923925, -1.66158045898882, -0.879192855186145, 0.571276330525243, -0.0676041572528235, 1.42475550698594, 0.76770426331148, 1.9106699476106, 0.604616557344851, 0.479063465777606, 0.476944674686314, 0.939085021022101, 0.337283890128795, -0.288370530650809, 0.434025452668132, 0.430735035511731, 0.174192940242662, -0.446502998445012, 0.449837027987504, -1.60889046615631, -1.21691311960692, -0.542994237261363, 0.745989266073957, 1.33246557583807, 0.759039078250775, 1.96724011600859, -1.15077262955725, 0.970967265944638, 1.95079709720693, 0.76489714690293, -0.737132736471724, -1.36784563871855, -0.699601205934637, -0.166940121230746, 0.105800098386573, 1.27756018785697, -1.78779806298234, 0.0709651236622245, 2.47561663073976, -1.46440711432965, -0.07476597263375, -0.351914344475627, -0.0772543808198921, -0.999074053868161, -0.538334133972433, 1.36357301783752, 1.51568732891541, 0.111235152259197, -0.210782413848572, -0.778998265328296, -0.391325387479794, 0.982142345154322, 1.73702396646991, -1.58639844637845, -0.615469133980808, -0.801056721363169, 0.614667163063206, 0.559509572024482, 0.138880815946239, -0.569899711004757, 0.590606127662979, -2.14516392380905, -0.0313290981729918, -2.24225682556612, -0.776191810609252, 2.19050693184507, -0.506225598807835, 0.352744456094464, -1.64134499237548, 0.266792777169644, 1.61456611926942, 0.352931359749005, 0.872525946196891, 0.739564212920668, 0.476100681672941, -1.52089401858267, -0.449976390627368, -1.16474161250988, -0.913762391331381, -1.64907517046359, 1.93547676458754, -1.92380052377548, -0.0170732473582197, -1.03341838024657, 1.04247590258925, -0.00647249683980636, 1.66534935090167, -0.495124220728355, 0.628416289804821, 0.764351611964105, 0.721937238984328, -0.350231444821428, -0.408146511327743, 1.07618087924817, -0.716316736710688, -1.77685123315693, 0.973741152014084, 0.126713831665586, -1.64293830522415, -1.40298600599905, 1.42817448433976, 0.514469858060742, -0.271336455676964, -0.534635913646641, -2.49634204293618, 0.645574670124139, 0.333283270239018, 1.70816347690415, -0.309684186621855, 0.690358699082103, 2.50370847441036, 1.13063716150048, 3.63186941090449, -0.727607368979998, -1.43354785510717, 1.28172455259946, 0.96342735952562, -0.564380365317351, -0.433176074919124, 0.829474026791518, -1.06406069997749, -0.284366942464914, 1.63258185866796, 0.169723218475671, 0.639026533319524, -0.183241007848375, 0.620205020321306, 0.779124257488634, -0.454650408868606, 1.21280582556431, -0.0259005019574613, 0.965064366324861, -1.8475212021727, 0.114035612674048, -0.108977557318679, 0.493202764867169, -0.189829071160469, -0.958667693697165, 0.0516810926936948, 1.02512579481805, -0.0674879844668552, -1.27955446934409, 0.302281951162236, 0.225706605818378, -1.41247512466024, 1.08765030034638, -0.749769611969413, 1.19027702516231, -0.810295750680707, -0.854969591676026, -0.960009739059711, 0.256048111642624), .Dim = c(10, 100))
"n" <- 10
"p" <- 100
"rate" <- 0.2
"p_u" <- 102.329299228075


}

######################################################################################################
######################################################################################################
