######################################################################################################
######################################################################################################
#### JAGS model file written by runjags version 2.2.2-5 on 2026-03-25 19:18:06.294334 
######################################################################################################
######################################################################################################

model{
# Linear regression
for(i in 1:n){
Y[i] ~ dnorm(inprod(X[i,], beta[]), tau)
}
# Laplace spike-and-slab prior
for(j in 1:p){
cat[j] ~ dcat(c(r/2, 1-r, r/2))
slab[j] ~ dexp(rate)
beta[j] <- (cat[j] - 2) * slab[j]
}
# Prior on r, r ~ Beta(1, p^u)
r ~ dbeta(1, p_u)
}
#monitor# beta

######################################################################################################
######################################################################################################
#### Initial values 
######################################################################################################
######################################################################################################

inits{
"cat" <- c(2, 2, 2, 2, 2, 2, 2, 2, 2, 2, 2, 2, 2, 2, 2, 2, 2, 2, 2, 2, 2, 2, 2, 2, 2, 2, 2, 2, 2, 2, 2, 2, 2, 2, 2, 2, 2, 2, 2, 2, 2, 2, 2, 2, 2, 2, 2, 2, 2, 2, 2, 2, 2, 2, 2, 2, 2, 2, 2, 2, 2, 2, 2, 2, 2, 2, 2, 2, 2, 2, 2, 2, 2, 2, 2, 2, 2, 2, 2, 2, 2, 2, 2, 2, 2, 2, 2, 2, 2, 2, 2, 2, 2, 2, 2, 2, 2, 2, 2, 2)
"slab" <- c(1, 1, 1, 1, 1, 1, 1, 1, 1, 1, 1, 1, 1, 1, 1, 1, 1, 1, 1, 1, 1, 1, 1, 1, 1, 1, 1, 1, 1, 1, 1, 1, 1, 1, 1, 1, 1, 1, 1, 1, 1, 1, 1, 1, 1, 1, 1, 1, 1, 1, 1, 1, 1, 1, 1, 1, 1, 1, 1, 1, 1, 1, 1, 1, 1, 1, 1, 1, 1, 1, 1, 1, 1, 1, 1, 1, 1, 1, 1, 1, 1, 1, 1, 1, 1, 1, 1, 1, 1, 1, 1, 1, 1, 1, 1, 1, 1, 1, 1, 1)
"r" <- 0.01
".RNG.name" <- "base::Marsaglia-Multicarry"
".RNG.seed" <- 5
}

inits{
"cat" <- c(2, 2, 2, 2, 2, 2, 2, 2, 2, 2, 2, 2, 2, 2, 2, 2, 2, 2, 2, 2, 2, 2, 2, 2, 2, 2, 2, 2, 2, 2, 2, 2, 2, 2, 2, 2, 2, 2, 2, 2, 2, 2, 2, 2, 2, 2, 2, 2, 2, 2, 2, 2, 2, 2, 2, 2, 2, 2, 2, 2, 2, 2, 2, 2, 2, 2, 2, 2, 2, 2, 2, 2, 2, 2, 2, 2, 2, 2, 2, 2, 2, 2, 2, 2, 2, 2, 2, 2, 2, 2, 2, 2, 2, 2, 2, 2, 2, 2, 2, 2)
"slab" <- c(1, 1, 1, 1, 1, 1, 1, 1, 1, 1, 1, 1, 1, 1, 1, 1, 1, 1, 1, 1, 1, 1, 1, 1, 1, 1, 1, 1, 1, 1, 1, 1, 1, 1, 1, 1, 1, 1, 1, 1, 1, 1, 1, 1, 1, 1, 1, 1, 1, 1, 1, 1, 1, 1, 1, 1, 1, 1, 1, 1, 1, 1, 1, 1, 1, 1, 1, 1, 1, 1, 1, 1, 1, 1, 1, 1, 1, 1, 1, 1, 1, 1, 1, 1, 1, 1, 1, 1, 1, 1, 1, 1, 1, 1, 1, 1, 1, 1, 1, 1)
"r" <- 0.01
".RNG.name" <- "base::Marsaglia-Multicarry"
".RNG.seed" <- 6
}

inits{
"cat" <- c(2, 2, 2, 2, 2, 2, 2, 2, 2, 2, 2, 2, 2, 2, 2, 2, 2, 2, 2, 2, 2, 2, 2, 2, 2, 2, 2, 2, 2, 2, 2, 2, 2, 2, 2, 2, 2, 2, 2, 2, 2, 2, 2, 2, 2, 2, 2, 2, 2, 2, 2, 2, 2, 2, 2, 2, 2, 2, 2, 2, 2, 2, 2, 2, 2, 2, 2, 2, 2, 2, 2, 2, 2, 2, 2, 2, 2, 2, 2, 2, 2, 2, 2, 2, 2, 2, 2, 2, 2, 2, 2, 2, 2, 2, 2, 2, 2, 2, 2, 2)
"slab" <- c(1, 1, 1, 1, 1, 1, 1, 1, 1, 1, 1, 1, 1, 1, 1, 1, 1, 1, 1, 1, 1, 1, 1, 1, 1, 1, 1, 1, 1, 1, 1, 1, 1, 1, 1, 1, 1, 1, 1, 1, 1, 1, 1, 1, 1, 1, 1, 1, 1, 1, 1, 1, 1, 1, 1, 1, 1, 1, 1, 1, 1, 1, 1, 1, 1, 1, 1, 1, 1, 1, 1, 1, 1, 1, 1, 1, 1, 1, 1, 1, 1, 1, 1, 1, 1, 1, 1, 1, 1, 1, 1, 1, 1, 1, 1, 1, 1, 1, 1, 1)
"r" <- 0.01
".RNG.name" <- "base::Marsaglia-Multicarry"
".RNG.seed" <- 7
}

inits{
"cat" <- c(2, 2, 2, 2, 2, 2, 2, 2, 2, 2, 2, 2, 2, 2, 2, 2, 2, 2, 2, 2, 2, 2, 2, 2, 2, 2, 2, 2, 2, 2, 2, 2, 2, 2, 2, 2, 2, 2, 2, 2, 2, 2, 2, 2, 2, 2, 2, 2, 2, 2, 2, 2, 2, 2, 2, 2, 2, 2, 2, 2, 2, 2, 2, 2, 2, 2, 2, 2, 2, 2, 2, 2, 2, 2, 2, 2, 2, 2, 2, 2, 2, 2, 2, 2, 2, 2, 2, 2, 2, 2, 2, 2, 2, 2, 2, 2, 2, 2, 2, 2)
"slab" <- c(1, 1, 1, 1, 1, 1, 1, 1, 1, 1, 1, 1, 1, 1, 1, 1, 1, 1, 1, 1, 1, 1, 1, 1, 1, 1, 1, 1, 1, 1, 1, 1, 1, 1, 1, 1, 1, 1, 1, 1, 1, 1, 1, 1, 1, 1, 1, 1, 1, 1, 1, 1, 1, 1, 1, 1, 1, 1, 1, 1, 1, 1, 1, 1, 1, 1, 1, 1, 1, 1, 1, 1, 1, 1, 1, 1, 1, 1, 1, 1, 1, 1, 1, 1, 1, 1, 1, 1, 1, 1, 1, 1, 1, 1, 1, 1, 1, 1, 1, 1)
"r" <- 0.01
".RNG.name" <- "base::Marsaglia-Multicarry"
".RNG.seed" <- 8
}



######################################################################################################
######################################################################################################
#### Data 
######################################################################################################
######################################################################################################

data{
"Y" <- c(-0.121500569595414, -0.0977120358368088, -0.0172361123420187, -0.252783263143029, -1.01463252603613, -0.663195612876308, 0.840736758019815, -0.226583238734993, 0.113977500668952, 0.117900532792563)
"X" <- structure(c(-0.254331093222716, 1.0827865937425, -0.353026892609473, -0.38315906972436, 0.224083178039572, 0.49735914224035, 0.850939381909944, 1.71780052545756, 0.158439177851796, 1.18299018120584, 1.18266140491847, -1.80585204552825, 0.752888022273316, 0.0785131716532247, -1.04539949045913, -1.03812014008125, -0.71443863494211, 0.524772578082413, 0.0164676669388428, 1.97582483443827, 0.429740156014736, 0.872170237553372, 1.72329325498412, 0.0685790705651916, -1.85586623094611, 1.24418949413513, 1.03987960519052, -0.0710822723749856, 1.40632260113212, -0.154336790951187, 0.436407724972867, 0.11903312486648, 1.36771768562782, 0.499189765611259, -1.20168980062859, 0.283841577133341, -2.15036459092658, 1.44509697724799, 1.20265385271835, -1.23091995960065, 0.629713469227351, 1.39821632617819, -1.19759348743018, 0.889968064540854, -1.91042449670091, -0.0112526484007928, -0.0958445623761984, 0.684585832469771, 1.68199330194172, 0.828400133233136, -1.40287031624131, -0.329786388415394, 0.756133390833576, 1.74681967305925, 0.296300812980227, -0.216419357255844, 0.959401556053628, -0.83701849814268, -1.05265259791335, 2.26437950187206, 1.48794570154601, -0.336883220038677, 0.434984098820105, 0.116093643254505, -0.969375124042585, -0.315743132101665, 1.56605375877912, -0.227643306077073, 1.58283484535075, -0.746218860415033, 1.42166904331858, -0.722856813947871, -0.00151979316581723, -2.83066205753469, -1.16988606227929, -1.52505090275748, -0.00995961835188513, 0.662108726133876, -1.02077083845601, 0.0547009686580095, -0.432596837835395, -1.12501186421074, -0.843990022943688, -1.17722366261704, 1.23731257472995, 0.0384189000058571, 1.529486373357, 1.22697547701248, -1.00679942611258, 0.522096443935492, 0.378590551148864, 0.0458029730208466, -0.0784513081868101, 0.247314895816136, 1.20197186560242, -1.04388618134651, -0.459369612454221, 0.384879535106901, -1.33381544361458, -0.674959501783618, -0.100942863591979, 0.353978060994052, 0.443709422277775, 0.88577479683731, 0.380110668058325, 1.38176070409792, -1.66748535318224, -0.715296820240177, 1.01523156931429, -0.902934578256552, 1.3571677057794, 0.0167228000730596, -1.18332563772953, 0.141021172927726, 0.542469421700116, -0.019672583030698, -0.163850247652399, -1.30091333335461, -0.23093695174745, 0.601521924615752, -0.00010827840365914, 0.00249721759536221, -1.44064576186253, 1.4788244855797, 0.750743691130909, 1.45558237961994, 2.22131910151881, 1.83551519112863, -0.509467201479361, 0.852944794883986, -0.341836121331466, 0.249608285957944, -1.38811383100264, 0.497718292199388, -0.135959788790248, 1.07212580155679, -0.554696990840852, 1.000002557772, -0.160414323334374, 0.743429601725765, 1.64522903068694, 0.0440303821936331, -1.30682185311172, 2.41638562503111, 0.544748061263362, -1.46057309326859, 0.354587774591519, 0.663010815283075, -2.20150940471169, -0.703787144245409, -0.0376997217652003, -1.62560194731057, -0.173844236193823, 0.512491980213766, 0.193739307474746, -0.8504089162268, -0.886567494921565, 0.212709434846833, -0.114356508559315, 0.312705971457632, -0.576096029319466, 1.39492244497916, 0.739743816797397, 0.131411467525333, -1.24712110977515, 0.0918637336684831, -0.682336066303895, -1.77727433577356, 0.625949854770917, 1.39662772541125, 0.0818390212508023, 0.323074677041294, 0.492530825064829, 0.709471801417438, -0.571284835270093, -0.512558239476526, 0.292194506907463, 0.120601124336715, 0.767300142848542, -1.63446817667011, -0.0546573617512099, 0.59471849761658, -0.850995555777342, -0.751792718001639, 0.655569853338905, -1.29396333608266, 1.49765142990419, 0.702987762114742, 0.0128381419301205, 0.712164798647288, 1.14055841164932, 0.99745350996456, 0.0875716790623314, 0.482711799170218, -0.128166971675794, 0.706504478750654, -1.12713780394746, 1.17203148740361, -2.96508437235536, 1.03445114802232, 0.891655786037681, 0.35870779111493, 1.15972312081581, -0.493673001056558, 1.49310663870536, 1.34731329877754, -1.72032616901202, -2.24535700228896, -0.385601706188299, -1.26364463831081, 0.841399641011266, -1.90165791548662, -1.87742156946256, -3.18855915011443, 0.307610232715461, 0.999730728543551, -0.747315114600633, 1.93934591266991, 1.19120103199492, -0.6577829784294, -0.384246412294848, 0.417896450133477, 1.86767103237824, -0.305454400315348, 0.153079760948424, -0.105373870509045, 0.366318032332115, 0.198751435770242, 0.815184287988325, -1.58557951676852, 0.0996221423609494, -0.693777191619185, 1.05874790572906, 1.0934286702762, -0.877300100722043, -0.90211955808697, 1.54598622909446, -0.733160217727618, -0.313098526032379, -1.20224202378697, 1.23735955166748, 0.393662950540197, -1.59888569923928, 1.23667459610258, -0.0831367082815893, 0.791236039374858, 0.243401033369338, 0.876485754918404, 0.412856732423571, 0.800621657483274, -0.617027949328031, 1.41317745636545, 1.44160095751324, -0.562227661211497, 0.540841070272612, -0.0761638399279751, 2.39829987081185, 1.72156921117627, 1.7643639434289, 1.55521132322331, -1.16526699702359, -0.111971246557505, -0.627776890585425, 0.617688778677108, -0.575203028719595, -0.734258808153497, -1.02240270661672, 2.40747568417756, 0.792750327754759, 0.0224582446175088, 0.615972467582643, 0.577928996265356, 1.65609489546746, -1.11256264169677, 0.680036517363073, 0.704874721341174, 0.118560485395476, -2.09145888459804, 0.351345474636823, -1.47506565938501, 1.81942576232057, -0.176859557000006, 0.734200185049819, 1.02658383420165, 0.535856928471014, -1.26737756441003, 1.04170680637736, -0.394195425882379, 1.61807949014987, -1.25536726681673, -1.3861459418133, -1.52766783271702, -1.26134040516808, 0.602364108507901, -1.13416507355414, -0.121552942635504, 0.751016542431861, 0.810293702926016, -0.801123034052649, 0.72489781524757, -0.237312685199931, -0.314010703649907, -0.541057760045298, 1.85908192724028, 1.25875208790106, 0.661967827805789, -0.596352919525794, -0.902401335210968, 0.236661030482006, 0.0372697328446596, -0.615748602010746, 0.247691268747085, -1.02155375462428, -1.11002258172641, 1.50464384771138, -0.176928187288063, -1.0111720637186, 0.205820532289905, 1.18509222667121, -0.450623124952904, -1.21449590535347, 0.216910454786534, -2.25226682101983, -1.87276038193423, -0.404629682995312, 1.46373116556145, 1.30985980561528, -1.68959331126407, 1.97658079264731, -1.2509175659769, -0.628883408064657, -2.11287521468249, 0.49768519267588, 1.69230007141921, -1.25736140495706, -0.838886063182842, 0.880608613907486, 0.506993563155327, -0.245426018470098, -0.248085774529037, 0.542667612513364, 0.575582836692037, 1.70161866202142, 0.707687508648269, -0.207105328812664, -0.502854446357135, 0.8774324165826, -0.611378850191713, 0.30517474125504, 0.399270270329869, -0.164726595672869, 0.43491438320914, -0.500599858980511, -0.105700051670282, -1.47345833416052, -0.513821060744773, 0.357107867136532, -0.409262222849432, -0.882224438434339, -0.942031430532773, -0.966801737904239, 0.670765606401804, -0.135680319524106, 0.770270971094891, -0.127146142056534, 1.51832889970378, -0.906140843277493, 1.53978651084793, 0.0876028867223507, -0.368473398100062, 1.29243888556471, 0.471678447255576, -1.24854503473627, 0.445968041447242, -1.07569094132153, 1.07117193953592, -0.0409141330339853, -0.599496622463185, -0.795364695870666, 0.222507319306577, 0.173460622835486, -0.985981647246724, 0.352150291775894, 0.582104828732824, -0.0249554270954678, 0.799229496710608, 1.1743320972993, 0.275877983096686, -0.00442939384491894, 1.00575482323805, -1.08766780319934, -0.459107410781644, -0.329279444346776, 1.5630465762758, -1.02841840265618, 1.12355919321234, 0.0573777824726806, -0.615521070846501, 0.469809557027547, -0.596036459820191, 0.599775451088141, 0.46578497723202, 0.795692503324197, -0.270502183360451, -0.202707784125385, 0.261503741948291, 0.496730620336303, -1.0230360099331, 2.88422158627887, -0.828711503235154, 0.190125154688878, 0.253146319310804, -0.275432211839631, -0.320970234794867, -0.687777027552309, 0.42493127872, 0.358198554562005, -0.278141768784806, -0.00212351843303176, 1.49869510014775, -1.18717423752915, -1.57688455231941, -0.876468514555834, -1.018767718558, 0.949620086905333, 0.339424973288739, -0.509723047290959, -1.21298981549038, 0.663143638117235, 0.937806868769097, -0.0407783358061695, 0.079670750140887, 0.669267927979424, 0.983319666406496, 1.75534585739345, -1.74338776730796, -1.17029044963614, -0.203527115759428, 1.78752406941266, 0.227523986905612, 0.434745523549802, 0.138928787740753, -1.1503208133244, -0.182449197680171, 0.1044272985879, -0.182513517849783, 0.26237195467445, -0.946030433978353, -0.704964556569269, 1.24003096108988, 0.358310808491847, 0.590168122274487, 0.794215420832095, 1.5680388944575, -0.644248081048321, -0.34098197758631, 0.354293372470252, -1.68923718832641, -1.02530213589276, 1.06937282017533, 0.837465950701474, -0.0878838251967199, -0.132843417954997, -0.232990691848884, -1.66599674632349, -0.776436706487527, -0.710992717388889, 1.63970547034229, 0.347110732906843, 1.00188560096224, 0.258386163785414, -0.716551145067496, 0.135467185753837, -2.37833677175897, 0.795892701180682, -0.178320794879004, 0.243019201771367, -0.49869997283383, -2.17473985567888, 0.101757132683528, -0.394661054626821, -0.112994543659941, -0.029030686152732, -0.709569443394588, -1.18284640004299, 0.516595336547041, -0.00926872466541033, -1.04520759039374, 1.03320924762397, 1.4976229206521, -0.561506349383871, -1.21028965591895, 0.0469966543251434, 2.24801400544, -0.109166246911772, -0.937121250533696, -1.09771271456401, 0.599515588188287, -1.34250454119949, -0.389534542284906, 0.388110797795106, -1.57172741352046, -0.106031142847244, 0.760606018953102, -0.15241220488543, 0.839707290649637, 0.657735747692504, -0.449178146236797, -0.330071119975303, -2.31046175841727, -1.74399448355017, -2.07684583990775, 0.57108123870345, -0.857584871462611, 0.545795308812929, -0.946010082786443, 1.18241225182551, -1.34786180288144, -0.174364991064693, 1.300395345014, -0.929568066179634, 0.184030916587367, -0.300938908709579, 0.0545496948866993, -1.26224675389936, -0.0538312933952711, 2.03701026385834, -0.910594642259139, -1.79012793350318, 0.364143784024087, -0.971719350627646, -1.104500162208, -0.531777811901474, 0.176028436630971, -0.901918698143668, -0.0510179234047009, 0.195413372040124, 1.2227264215467, 0.115482444892046, 0.0345259836404699, 0.0453027293769853, -2.25161175535676, -0.851139172941595, -0.831911371306112, 0.101712473888019, 1.28578974180546, -0.736131924782954, -1.91954025486166, -1.56327357751763, -0.835478258948852, 1.88157250495572, 0.373921136103886, 0.915673531471973, -0.259482170594273, -0.67026468639521, -0.421972307774049, -1.21436107633941, 0.442209423113255, -0.934897271003071, -0.258552581464964, -0.490231106349036, 0.107318997027938, -0.904870850143794, -0.456725637739184, 0.618872967242119, 0.856070285484631, -0.677473168981267, -1.27985539002227, 0.103365667608771, 0.910482293077343, 1.14476611130157, 0.410608171132351, 0.331899272591634, 2.37821143839755, -1.29230072333579, -1.2420256972609, -0.616354129221785, 0.0207466758742997, -0.0919185000965534, 0.507510280500518, -0.58093363350226, -1.71889484638267, 0.315539909430817, 0.488473393497578, -0.27618717251283, 0.769957576870641, 0.958036417574538, 0.00300589914624786, -0.257906569689047, 0.56646769613107, 0.323943430861006, 1.63608578467695, 0.36921635245172, 0.373623319064512, 0.466526965558153, -0.873061077535496, -0.716944175156192, 0.158452810133832, 0.369342176392497, 0.298709574171873, 3.28609016964712, -1.13597467885806, 0.581037521668442, -0.877373507394451, -0.0103500961485038, -0.935267653008884, 0.993954780084986, 0.618109937866025, -1.454259167446, -1.25424955405425, -0.448174475018173, 0.0130989983193872, -0.898668631457323, 0.0997457928363143, -0.0542770421964794, 0.915919398796709, 0.608171026215929, -1.03349911151824, 0.650386432766272, 0.361190635355562, -1.37562810003143, 0.787424288691375, 0.365690470736752, 0.584841606845994, 0.92808720008007, -0.471050668859122, -2.48079037715407, 1.62295447234585, -1.7690141235607, 0.380303266463839, 0.00141223067118902, 1.75635149004815, -0.823040793301196, 0.0528173903410603, 0.56713245320102, 0.960705594036663, -0.253533701505787, -1.5002168571087, -1.38663857323972, 0.267418271137215, -0.062722558178589, 0.43584730209834, 0.229713532489371, 0.433666914159198, -0.407735030796177, -0.0967486858488975, 0.00502314819506733, 0.0654796968926173, 2.10090862418484, 0.65381066120871, 0.34899764055831, 0.916165652695052, -1.91729026457713, -2.25579588281103, -0.368241852688357, 1.56505280605831, 0.534273654627686, 0.343517456129036, 0.786515922173515, -1.98601305915453, 0.845392060768411, -0.393411209477533, -0.535835299021506, 0.731822795247899, 0.449735325616242, -1.01539123476155, 1.18437136753147, 0.181688188451542, -1.09490378077124, 0.114437079506983, -1.26722708501115, -0.252974835156432, -0.107686744914989, 1.09923538579057, -0.592878325817716, 0.425119534271607, 1.18201291188389, 0.990860501575601, -1.79065334095139, 0.809295335749225, -0.808328555556486, -0.352874557999376, -0.423844490248983, 1.38127204514213, -1.26946707524075, 1.20938119653558, 0.257900673551769, -0.043217640718775, -0.0179680932032617, -0.808230420886481, -0.762198694652658, -0.638827047682761, 1.42412137955237, -0.414271045401617, -0.532341389296923, -0.237562085981354, 1.32253686036793, 0.355035420987563, -0.304980364819901, 0.582973175623487, -0.734553083250504, 0.653464107893135, 0.0620995733425793, 0.286404370846195, 1.47098657145358, 0.224616038311646, -0.49177685818531, 0.140100676415311, 2.28267818916654, -0.474548472869092, -0.454115289806363, -0.131412536694065, -1.39852482491572, 1.20543265665668, 0.422101772328421, -1.42435155887817, -0.492960610739007, 0.268773701375147, 1.12284895351014, -0.660406556445068, 1.43880010627359, 1.02300803267581, -1.30431628071156, -0.43160644050753, 1.79705417675113, 1.03609004406893, -1.1061142141297, -0.732387847283669, 1.15212895605839, -1.35118512160735, -1.45985040573384, -0.876704796685468, -1.80991836959442, 0.0592887986730465, 0.464535686878316, -0.468688254926239, 0.463506654864557, 0.158595494898792, 1.56697523245315, 0.184393362807534, -0.57032765869328, -1.86910050572864, -0.634331504868892, 0.800036129503661, 0.324724708690235, -0.608788719965927, -1.66713022547569, 0.372809929124028, 1.17044757533558, -0.879825570382464, 0.218545550280583, 0.956683261801784, 0.644588238129826, -0.00454284995421845, -0.332771231234315, -0.189002387022064, -0.910463629778554, 2.26262768797316, 1.19372815094999, -0.245064722490022, -0.587660608762189, -1.08043439094397, 0.402903106062939, -1.20720837482705, -0.792652687399058, 0.118222198877027, -0.326186478886295, 0.374092699870699, -0.53554116430868, 1.21908850896276, -0.510388101302671, -1.04033398418796, 0.87193711055592, -0.73979329008653, -0.0111930903657569, -1.36077658537066, -0.398056440552441, 0.556684846585566, -1.01544676491668, 1.16768513812874, -1.07954886421049, 0.0419916267221594, 1.68186986228102, -0.538729892065402, 0.867919893537783, -2.03572900531635, 0.822929691571906, 0.136922728715175, -1.0001928273394, 0.291627892747048, -0.990223779302643, -1.10336094850685, -0.958311607454683, 2.25358866589635, 0.957090560452664, -1.13095772418401, -0.497855181232431, -0.335485847053526, 0.0907582500622122, 0.516705675886112, 1.06336785137464, -0.536599320161569, -0.431782527479133, -0.0663176960765811, 0.509907164543099, 0.517917850881967, -0.378536316056521, 0.609243734212694, -0.805817175895448, -0.313583759631999, -1.13085417088013, 0.526546424579882, -0.56788562016365, 0.295973190057545, -1.04297213786925, 0.315214756698853, 0.995175008154382, -0.308765046338548, -0.415975421854834, 0.0172890172329941, -0.462755639327299, -1.21740739460681, 1.54509595235302, 1.9441940850953, -1.15571241739239, -1.00587151744887, -0.377819055735517, 0.82381181466529, -1.25063080592475, 1.06668635015156, -0.481555366461502, 1.35692312135851, 1.67911213610767, 0.604829047153844, 1.11698586423862, 1.02639284311524, -1.59704961843799, 0.956111242144667, -1.42596807237436, 0.893566289822521, -2.17641931318496, -1.59169670140989, -1.12799219396976, 1.12655844125185, -0.801179689405438, -1.09246955428262, -0.712146781432421, 0.312335606935422, -1.18071197808622, 0.49950882205052, 0.652614107068342, -0.219940498411121, 0.748276736836429, 0.567939341658976, 1.39711028221877, 0.292473090403269, 0.957331363848253, 0.751442957415818, -0.241279764066506, -1.25365962838518, -1.28536943947554, 0.0626037640242431, -0.0372483292935238, 0.234605590579739, -0.265931332718923, 0.0471735002613289, 0.440093551766812, -0.437387338677062, -0.495088934798055, -1.43468692415131, -1.22564702098956, -0.615054365134692, 3.69794742833745, 0.667802378579653, -0.0594568439519076, 1.11677137644121, 0.0377194130205607, 0.577219281826968, -0.192650750723908, 0.868477016590705, 0.384351641817442, -1.3168753524217, 1.11748066074068, 1.04135061258616, 0.17333693384023, -1.58781806603691, 0.965385933644526, -1.70158342137921, 0.940519646291376, -1.01561951819121, 0.752383125550139, -1.20320904932598, 0.661764537156283, -0.256403496555834, -0.598807086424999, -1.35813529342902, -0.351606690613273, -0.840549948726668, 0.661828908243125, -1.20683241149629, -0.305403687126466, -1.16995071570537, 1.93170932586219, -3.46976726802531, 0.268627282076067, 0.921550130119702, -0.0102288990637307, 1.49471237589039, -0.605317964170183, -0.846848917221358, -0.618207948003974, -1.91285016886497, -0.887496952067743, -1.98234097909319, -2.24436765501221, -1.07598174697684, -0.356084329269534, -1.54544044026891, 0.205581984086319, -0.853107424411589, 0.668579611053091, 0.564163997063649, -0.155347855657828, -0.120561102602064, 0.965147961863274, 0.53848267686403, 0.169512408783147, 0.311248949802058, 1.74517140531743, -0.441409245113931, 0.309871912125022, 0.392781793750445, -0.0501298726810354, 0.887999007366536, 1.75416217916217, 0.0641887419013518, 0.563070020430963, 0.0388775955491577, 0.424648930657682, -0.434988864045459, 1.01122809982179, 1.32497327471211, -0.829995176116124, 1.3965283290019, -0.474506998835193, 0.345681117607295, 1.02960101622223, -0.961990923149373, 0.695361506829027, 0.908243940198145, 1.29573906915521, -1.7337789201141, 1.5262230995775, 2.31381178627842, -3.12989572463148, -1.73499397164272, 1.10379751008455, -0.580741678289337, 0.0976290610702911, -0.335575044795467, 2.01784065669395, 0.431446982580877, -0.0527250859407904, -0.115631308168132, 0.370053504605268, 0.843044901984339, 0.568429961506134, 2.20407186824652, 0.702535041645473, 0.0124629637996042, -1.39879262844824, -0.54839592820825, 0.88736686128483, -1.69075280810565, 1.06133821528787, 0.57781379426277, 0.187996119030464, 0.80278950038418, 0.117556218211826, -0.573947077281342, 0.991050432588364, 0.367235161547973, 0.671087688038273, 0.219768948815911, -0.070534359034207, 1.93662672321372, 1.70636370896606, 0.238479623191985, 0.892853157536739, -0.443083252350562, -1.14676108121408, -1.21284201694469, 0.96213287742522, 0.968285431304718, -0.639015241858297, -0.650450013270034, -1.51388559488938, -1.62930581064143, 1.74030630221564, -0.464620365232274), .Dim = c(10, 100))
"n" <- 10
"p" <- 100
"tau" <- 1
"rate" <- 0.2
"p_u" <- 102.329299228075


}

######################################################################################################
######################################################################################################
