######################################################################################################
######################################################################################################
#### JAGS model file written by runjags version 2.2.2-5 on 2026-03-25 21:49:42.977451 
######################################################################################################
######################################################################################################

model{
for(i in 1:n){
# Log link for the model
log(mu[i]) <- inprod(X[i,], beta[])
Y[i] ~ dpois(mu[i])
}
# Laplace spike-and-slab prior
for(j in 1:p){
cat[j] ~ dcat(c(r/2, 1-r, r/2))
slab[j] ~ dexp(rate)
beta[j] <- (cat[j] - 2) * slab[j]
}
# Prior on r, r ~ Beta(1, p^u)
r ~ dbeta(1, p_u)
}
#monitor# beta

######################################################################################################
######################################################################################################
#### Initial values 
######################################################################################################
######################################################################################################

inits{
"cat" <- c(2, 2, 2, 2, 2, 2, 2, 2, 2, 2, 2, 2, 2, 2, 2, 2, 2, 2, 2, 2, 2, 2, 2, 2, 2, 2, 2, 2, 2, 2, 2, 2, 2, 2, 2, 2, 2, 2, 2, 2, 2, 2, 2, 2, 2, 2, 2, 2, 2, 2, 2, 2, 2, 2, 2, 2, 2, 2, 2, 2, 2, 2, 2, 2, 2, 2, 2, 2, 2, 2, 2, 2, 2, 2, 2, 2, 2, 2, 2, 2, 2, 2, 2, 2, 2, 2, 2, 2, 2, 2, 2, 2, 2, 2, 2, 2, 2, 2, 2, 2, 2, 2, 2, 2, 2, 2, 2, 2, 2, 2, 2, 2, 2, 2, 2, 2, 2, 2, 2, 2, 2, 2, 2, 2, 2, 2, 2, 2, 2, 2, 2, 2, 2, 2, 2, 2, 2, 2, 2, 2, 2, 2, 2, 2, 2, 2, 2, 2, 2, 2, 2, 2, 2, 2, 2, 2, 2, 2, 2, 2, 2, 2, 2, 2, 2, 2, 2, 2, 2, 2, 2, 2, 2, 2, 2, 2, 2, 2, 2, 2, 2, 2, 2, 2, 2, 2, 2, 2, 2, 2, 2, 2, 2, 2, 2, 2, 2, 2, 2, 2)
"slab" <- c(1, 1, 1, 1, 1, 1, 1, 1, 1, 1, 1, 1, 1, 1, 1, 1, 1, 1, 1, 1, 1, 1, 1, 1, 1, 1, 1, 1, 1, 1, 1, 1, 1, 1, 1, 1, 1, 1, 1, 1, 1, 1, 1, 1, 1, 1, 1, 1, 1, 1, 1, 1, 1, 1, 1, 1, 1, 1, 1, 1, 1, 1, 1, 1, 1, 1, 1, 1, 1, 1, 1, 1, 1, 1, 1, 1, 1, 1, 1, 1, 1, 1, 1, 1, 1, 1, 1, 1, 1, 1, 1, 1, 1, 1, 1, 1, 1, 1, 1, 1, 1, 1, 1, 1, 1, 1, 1, 1, 1, 1, 1, 1, 1, 1, 1, 1, 1, 1, 1, 1, 1, 1, 1, 1, 1, 1, 1, 1, 1, 1, 1, 1, 1, 1, 1, 1, 1, 1, 1, 1, 1, 1, 1, 1, 1, 1, 1, 1, 1, 1, 1, 1, 1, 1, 1, 1, 1, 1, 1, 1, 1, 1, 1, 1, 1, 1, 1, 1, 1, 1, 1, 1, 1, 1, 1, 1, 1, 1, 1, 1, 1, 1, 1, 1, 1, 1, 1, 1, 1, 1, 1, 1, 1, 1, 1, 1, 1, 1, 1, 1)
"r" <- 0.005
".RNG.name" <- "base::Marsaglia-Multicarry"
".RNG.seed" <- 17
}

inits{
"cat" <- c(2, 2, 2, 2, 2, 2, 2, 2, 2, 2, 2, 2, 2, 2, 2, 2, 2, 2, 2, 2, 2, 2, 2, 2, 2, 2, 2, 2, 2, 2, 2, 2, 2, 2, 2, 2, 2, 2, 2, 2, 2, 2, 2, 2, 2, 2, 2, 2, 2, 2, 2, 2, 2, 2, 2, 2, 2, 2, 2, 2, 2, 2, 2, 2, 2, 2, 2, 2, 2, 2, 2, 2, 2, 2, 2, 2, 2, 2, 2, 2, 2, 2, 2, 2, 2, 2, 2, 2, 2, 2, 2, 2, 2, 2, 2, 2, 2, 2, 2, 2, 2, 2, 2, 2, 2, 2, 2, 2, 2, 2, 2, 2, 2, 2, 2, 2, 2, 2, 2, 2, 2, 2, 2, 2, 2, 2, 2, 2, 2, 2, 2, 2, 2, 2, 2, 2, 2, 2, 2, 2, 2, 2, 2, 2, 2, 2, 2, 2, 2, 2, 2, 2, 2, 2, 2, 2, 2, 2, 2, 2, 2, 2, 2, 2, 2, 2, 2, 2, 2, 2, 2, 2, 2, 2, 2, 2, 2, 2, 2, 2, 2, 2, 2, 2, 2, 2, 2, 2, 2, 2, 2, 2, 2, 2, 2, 2, 2, 2, 2, 2)
"slab" <- c(1, 1, 1, 1, 1, 1, 1, 1, 1, 1, 1, 1, 1, 1, 1, 1, 1, 1, 1, 1, 1, 1, 1, 1, 1, 1, 1, 1, 1, 1, 1, 1, 1, 1, 1, 1, 1, 1, 1, 1, 1, 1, 1, 1, 1, 1, 1, 1, 1, 1, 1, 1, 1, 1, 1, 1, 1, 1, 1, 1, 1, 1, 1, 1, 1, 1, 1, 1, 1, 1, 1, 1, 1, 1, 1, 1, 1, 1, 1, 1, 1, 1, 1, 1, 1, 1, 1, 1, 1, 1, 1, 1, 1, 1, 1, 1, 1, 1, 1, 1, 1, 1, 1, 1, 1, 1, 1, 1, 1, 1, 1, 1, 1, 1, 1, 1, 1, 1, 1, 1, 1, 1, 1, 1, 1, 1, 1, 1, 1, 1, 1, 1, 1, 1, 1, 1, 1, 1, 1, 1, 1, 1, 1, 1, 1, 1, 1, 1, 1, 1, 1, 1, 1, 1, 1, 1, 1, 1, 1, 1, 1, 1, 1, 1, 1, 1, 1, 1, 1, 1, 1, 1, 1, 1, 1, 1, 1, 1, 1, 1, 1, 1, 1, 1, 1, 1, 1, 1, 1, 1, 1, 1, 1, 1, 1, 1, 1, 1, 1, 1)
"r" <- 0.005
".RNG.name" <- "base::Marsaglia-Multicarry"
".RNG.seed" <- 18
}

inits{
"cat" <- c(2, 2, 2, 2, 2, 2, 2, 2, 2, 2, 2, 2, 2, 2, 2, 2, 2, 2, 2, 2, 2, 2, 2, 2, 2, 2, 2, 2, 2, 2, 2, 2, 2, 2, 2, 2, 2, 2, 2, 2, 2, 2, 2, 2, 2, 2, 2, 2, 2, 2, 2, 2, 2, 2, 2, 2, 2, 2, 2, 2, 2, 2, 2, 2, 2, 2, 2, 2, 2, 2, 2, 2, 2, 2, 2, 2, 2, 2, 2, 2, 2, 2, 2, 2, 2, 2, 2, 2, 2, 2, 2, 2, 2, 2, 2, 2, 2, 2, 2, 2, 2, 2, 2, 2, 2, 2, 2, 2, 2, 2, 2, 2, 2, 2, 2, 2, 2, 2, 2, 2, 2, 2, 2, 2, 2, 2, 2, 2, 2, 2, 2, 2, 2, 2, 2, 2, 2, 2, 2, 2, 2, 2, 2, 2, 2, 2, 2, 2, 2, 2, 2, 2, 2, 2, 2, 2, 2, 2, 2, 2, 2, 2, 2, 2, 2, 2, 2, 2, 2, 2, 2, 2, 2, 2, 2, 2, 2, 2, 2, 2, 2, 2, 2, 2, 2, 2, 2, 2, 2, 2, 2, 2, 2, 2, 2, 2, 2, 2, 2, 2)
"slab" <- c(1, 1, 1, 1, 1, 1, 1, 1, 1, 1, 1, 1, 1, 1, 1, 1, 1, 1, 1, 1, 1, 1, 1, 1, 1, 1, 1, 1, 1, 1, 1, 1, 1, 1, 1, 1, 1, 1, 1, 1, 1, 1, 1, 1, 1, 1, 1, 1, 1, 1, 1, 1, 1, 1, 1, 1, 1, 1, 1, 1, 1, 1, 1, 1, 1, 1, 1, 1, 1, 1, 1, 1, 1, 1, 1, 1, 1, 1, 1, 1, 1, 1, 1, 1, 1, 1, 1, 1, 1, 1, 1, 1, 1, 1, 1, 1, 1, 1, 1, 1, 1, 1, 1, 1, 1, 1, 1, 1, 1, 1, 1, 1, 1, 1, 1, 1, 1, 1, 1, 1, 1, 1, 1, 1, 1, 1, 1, 1, 1, 1, 1, 1, 1, 1, 1, 1, 1, 1, 1, 1, 1, 1, 1, 1, 1, 1, 1, 1, 1, 1, 1, 1, 1, 1, 1, 1, 1, 1, 1, 1, 1, 1, 1, 1, 1, 1, 1, 1, 1, 1, 1, 1, 1, 1, 1, 1, 1, 1, 1, 1, 1, 1, 1, 1, 1, 1, 1, 1, 1, 1, 1, 1, 1, 1, 1, 1, 1, 1, 1, 1)
"r" <- 0.005
".RNG.name" <- "base::Marsaglia-Multicarry"
".RNG.seed" <- 19
}

inits{
"cat" <- c(2, 2, 2, 2, 2, 2, 2, 2, 2, 2, 2, 2, 2, 2, 2, 2, 2, 2, 2, 2, 2, 2, 2, 2, 2, 2, 2, 2, 2, 2, 2, 2, 2, 2, 2, 2, 2, 2, 2, 2, 2, 2, 2, 2, 2, 2, 2, 2, 2, 2, 2, 2, 2, 2, 2, 2, 2, 2, 2, 2, 2, 2, 2, 2, 2, 2, 2, 2, 2, 2, 2, 2, 2, 2, 2, 2, 2, 2, 2, 2, 2, 2, 2, 2, 2, 2, 2, 2, 2, 2, 2, 2, 2, 2, 2, 2, 2, 2, 2, 2, 2, 2, 2, 2, 2, 2, 2, 2, 2, 2, 2, 2, 2, 2, 2, 2, 2, 2, 2, 2, 2, 2, 2, 2, 2, 2, 2, 2, 2, 2, 2, 2, 2, 2, 2, 2, 2, 2, 2, 2, 2, 2, 2, 2, 2, 2, 2, 2, 2, 2, 2, 2, 2, 2, 2, 2, 2, 2, 2, 2, 2, 2, 2, 2, 2, 2, 2, 2, 2, 2, 2, 2, 2, 2, 2, 2, 2, 2, 2, 2, 2, 2, 2, 2, 2, 2, 2, 2, 2, 2, 2, 2, 2, 2, 2, 2, 2, 2, 2, 2)
"slab" <- c(1, 1, 1, 1, 1, 1, 1, 1, 1, 1, 1, 1, 1, 1, 1, 1, 1, 1, 1, 1, 1, 1, 1, 1, 1, 1, 1, 1, 1, 1, 1, 1, 1, 1, 1, 1, 1, 1, 1, 1, 1, 1, 1, 1, 1, 1, 1, 1, 1, 1, 1, 1, 1, 1, 1, 1, 1, 1, 1, 1, 1, 1, 1, 1, 1, 1, 1, 1, 1, 1, 1, 1, 1, 1, 1, 1, 1, 1, 1, 1, 1, 1, 1, 1, 1, 1, 1, 1, 1, 1, 1, 1, 1, 1, 1, 1, 1, 1, 1, 1, 1, 1, 1, 1, 1, 1, 1, 1, 1, 1, 1, 1, 1, 1, 1, 1, 1, 1, 1, 1, 1, 1, 1, 1, 1, 1, 1, 1, 1, 1, 1, 1, 1, 1, 1, 1, 1, 1, 1, 1, 1, 1, 1, 1, 1, 1, 1, 1, 1, 1, 1, 1, 1, 1, 1, 1, 1, 1, 1, 1, 1, 1, 1, 1, 1, 1, 1, 1, 1, 1, 1, 1, 1, 1, 1, 1, 1, 1, 1, 1, 1, 1, 1, 1, 1, 1, 1, 1, 1, 1, 1, 1, 1, 1, 1, 1, 1, 1, 1, 1)
"r" <- 0.005
".RNG.name" <- "base::Marsaglia-Multicarry"
".RNG.seed" <- 20
}



######################################################################################################
######################################################################################################
#### Data 
######################################################################################################
######################################################################################################

data{
"Y" <- c(11, 0, 8, 4, 0, 0, 4, 0, 0, 1, 2, 0, 0, 0, 0, 0, 0, 0, 0, 36)
"X" <- structure(c(1.48888643650236, 1.92373400721914, -0.0955600511186988, 0.198830293210002, -0.191871770737013, 0.705176451577455, 0.660515319895334, 1.28234480095545, 0.295086494766036, -0.249578705990463, -0.351730500768565, -0.310775441899576, 0.974747044598257, 0.611004631330583, -1.09762589534148, 0.159608675489891, 0.709065436915493, -0.275397284157437, 0.712651088818831, -0.616794228433673, 1.11380078298531, -0.88734804144388, 0.89637869335862, 0.316534193941076, 1.02282313594013, -0.873148184450404, -1.10939907945821, -0.679285931196956, -0.949842492924127, -1.10287278379328, 0.659851060952402, -0.0100173467876772, 0.222226700527356, 0.926347146202127, -1.92071495057102, 2.07806660302195, -0.186053807839029, 0.405668400846854, -0.238750046583528, 0.638900745804995, 2.23663690556415, -0.231459410203854, -0.725181879678609, -0.76156469521769, 0.134763754044964, 2.46369311928748, -0.664445665263366, -0.119571282383224, 1.37382332410813, 0.464387687870307, -0.308006682040052, -1.31160911949675, 0.909951330389201, -0.358404253373125, -0.991425163243654, 2.25722665875464, 2.33212168448332, -0.0651490047452173, -1.45897237020697, 0.93143922167015, -0.170399005200353, 0.0417048811152232, -0.323306463251026, -1.04173194883595, -0.108458480823063, 1.389734781998, 0.224976782497247, -0.0188103532709805, -1.84388156999986, 0.935419124542588, 0.109882814850188, -0.264243358560585, -0.0486799611968033, -0.250604079959662, 0.645470664513744, -0.870756377100525, 0.0801334027852666, 0.529086174782064, 0.0458527016757738, -0.127189737777586, 1.61960211999116, -0.664635818395922, 1.72282651823269, -1.23045828958622, 0.244580562199689, 0.544276718612917, 1.09890871609727, 0.710457539786545, -1.44144648106462, -0.306342856700671, -0.188851992841586, -0.170107533541982, 0.0347819060081046, 0.678530534769773, -1.4342405904673, -1.71875217161146, -0.437006104457631, -0.564901689479433, 1.58126264476504, -0.836177375687631, 1.14102365200467, 0.504036259197391, -0.989710006911659, -1.46025634144471, 0.288758654578946, 2.08901492691497, 0.842120258026865, -1.75068282062293, -0.549917014204384, 1.21299911922037, 0.363132061650683, -0.67832193040047, 0.91076848122045, 0.284487879956078, -0.890589874294966, 1.09640528998596, 1.23519646649514, -0.469490507063469, -1.16935843776856, -0.120849283495658, 0.691619130434712, -0.314290240501991, 1.12995816093096, 0.390190799480368, -1.10700352089328, 0.355965981139375, 0.58769976573246, -1.12236962911378, -0.964185681969491, 0.519228806154649, 0.426336115637911, -0.575751915218211, 1.59439680297386, -0.804455675088379, -0.736262234290352, 0.313753190673076, 0.261753129951957, -0.912407920618843, -1.28286828715302, -0.473766875655354, -0.0976047440596361, -0.676811597336317, -0.772149277243448, 1.38661432015299, 0.943166680499002, -1.0611177636088, 0.401398233137866, -0.633888496714161, -1.63745930973838, 0.190698100096063, -0.330805978806926, 0.421624037877741, 0.515717921736746, 0.891160679006458, -2.03628328431697, 0.119582425386914, -0.824976975362933, 0.855989474071369, 0.593506833764094, 1.30128013005405, 0.433706128458498, -1.82276897247196, 0.687046230654847, 0.847125977267388, 0.657627988126946, -0.118032804503988, 0.421377649395084, 0.180136113964433, 0.67252955238466, -0.454012114865904, 0.323159308338733, 0.525275121560745, -0.521418288377434, 0.223332111669224, -0.081663604094812, 1.10606633427513, 0.283149993909069, 1.35372397766923, 0.356280064507619, 1.94658953736017, -1.19652764457164, -0.8485833707685, -0.0515215444890083, -1.23692927274954, 1.06101667193931, 0.0371664684657777, 1.03785531340745, -0.503641346328881, -0.158542771824308, 0.121127166441841, 2.64073615993822, -0.866593857821174, -0.35768935741402, -1.08047732297816, -1.18212222880233, -1.96380810237716, 1.76698694511049, 0.0561302917030765, -2.02578590474639, -1.19713698916841, -1.80225159932154, 0.315772753986067, 0.98269977781613, 0.161641531256387, 0.0757959457578351, -1.73062412649978, -0.238845303837983, 0.25234845322101, 0.829372758841981, 0.740486338155513, -0.345961484661715, -0.805287148663181, 0.250423794229908, 1.13559708862283, 0.787911425679301, 2.5602682631217, -0.117622613548649, -0.452701915725606, -0.17257377067277, 2.34309394469814, -1.85778630561856, 2.52903128350411, 0.0983824413944393, 1.54344097406896, -0.0858984456084727, 1.33614074309601, -1.13745147070316, -0.238611253131008, -1.15990094559678, -0.130458906120109, -1.29301159051942, 1.42027951560285, 0.325528765045209, 1.24546354274533, -0.663563087694782, -0.734944852100026, 0.529255246747228, 1.00089837033735, -0.0197702848408941, 0.102784055069014, 0.0261466582692527, -0.754150983048667, 1.12380883817175, 0.239504357123594, 0.188595171003178, -0.0894689604151887, 0.0195008042322796, -0.762553111110034, 0.656234999496879, -1.95815871885581, 0.763297489177084, -0.286663164623383, 1.58715107431919, -0.492679005451395, 0.671514847917281, -0.226833263960263, 1.7957939024615, -1.42737015423358, 0.860782241897629, -1.95786746725333, -1.03369783214169, -2.33739869364074, 2.49310811334081, 1.75629439266557, 0.317212410837276, -0.915000049687653, -0.681663312068222, 2.06817986342121, 0.118041723782889, -0.126483109950026, -1.19332432740658, 1.19663658378579, -0.33936727841444, 0.892960834027126, 1.97596088813496, 0.144306462467587, 0.552383657235193, -0.727865400902763, 0.809235573755304, -0.948560273953671, 0.0326448759399689, 1.22426375747082, 1.42294693521278, 0.174787989175622, 0.205839007641722, 2.14356268654804, -0.872360736113789, 0.310850939145546, 0.00553526527015665, -1.53308212909469, 0.99212291647638, -0.449048855381979, 1.98272079042435, 0.42069201126317, 0.0158922366762564, -0.58805457294207, -0.852844167210502, 2.03213133716856, -2.14512110093136, -1.63083754861875, 0.261850296213908, 1.12656771952518, 0.416595786895728, -2.606948977802, 1.4823484825412, -0.898657837115017, 0.263868435893349, 0.503347233424309, -1.11561670475219, -1.42302478884356, -0.230167467530634, 0.506770134648615, 2.14109724404528, 0.1656898689309, 0.176490029979102, -0.300444138911031, 0.982833559737652, -0.126207954734187, 1.45306446359696, -0.372463995799435, 0.255079521317458, 0.797979593736422, -0.140274634536055, -0.541212052547322, -0.104978345253499, 1.74488453738846, 0.743610465798687, -1.45460186426998, 2.00211079753731, 1.21547460774444, 1.27904607054615, -1.08846367779017, -1.07129032095391, -0.806562372370635, -0.602998623027899, 0.400056249094598, 0.805881391040398, -0.112158461181072, -0.173189266168503, 0.239810840375068, -1.09412863434174, 0.0851142856075852, -0.534538548032574, 1.64630289101229, 1.36117117981911, 0.586745158353238, 0.711523202430833, 1.41747774535315, 0.35859723846019, 1.20448309198065, 0.700646155808653, 0.300115975146798, 0.0748505791759623, -0.324961384168505, -0.438193383384508, 0.828043969907732, 1.74468278479718, -1.06489657606678, 0.457106403880589, -1.23317104926199, -0.146864350392828, -1.00739424754485, -0.103144694008717, -0.292286986901112, -0.470904095877723, 1.61574672294231, 2.42207224883965, 0.391390217361883, 0.596183067647709, -0.975032328511582, 2.97542713466672, -0.547760431666342, 1.50797568279839, -0.00265013362721939, 0.259459796502618, 0.604285586744724, 0.931487736042321, 0.30005718730048, 0.665775428072538, -1.42803555884656, 0.437867733056059, -0.698984107628896, 0.966086316157755, 0.487482516543138, 1.16531032861343, 1.5585046026129, -2.15411963305635, 0.376195905601431, 0.517951272233983, -1.06880868169461, -0.505425818353646, 0.06153574979762, -0.767082623412008, -0.623506473865011, 0.00878751479668447, 1.78820484465378, 1.51512411143038, 0.325972999259992, -0.386993171696919, 0.164215982607438, -0.182276902711182, -0.505779090597483, -0.123665890850694, 0.202644536118888, 0.223370925431484, 0.737512026102869, -0.707776433235477, -0.718993918129869, 1.6016897283003, -0.110187143609747, 0.500074026967055, 0.160360150991741, 0.404478776774373, 1.00873128853858, 1.16241367826027, 1.92918856546355, 1.1564783948778, 0.87142310924832, -1.69909773076136, -0.478210535608979, 0.172747738074283, -0.261279610366945, -0.201482934439064, 0.312914469529353, 1.91674783352631, -0.714982468338226, -0.372949310617005, 0.651971363179621, -0.7001072237317, 1.02821710909102, -0.25981115608859, -1.49242916586005, 0.785801442611539, -1.08067658110057, 1.63574002880457, 1.90344352732214, 0.461730458062062, -0.248217716074435, -0.218418556202467, 0.0732592223424805, -0.186868517383126, -0.614170040620798, -1.58909294818403, -1.52195008715701, -0.405120041219761, 1.16976658806195, -0.14845028277167, 0.765112720089445, 1.76855935932077, -0.755482680076274, -0.112448572868429, 0.105229854456778, 0.400033821448802, -2.18896596381943, 0.851847465784709, -1.01858252908536, 0.575918178302046, -0.788854341459255, -0.942439977285181, 1.02549820850306, 1.38311777320085, -0.239351829854441, -0.0779654864778418, 0.798499117956447, -0.937659692091778, -0.278033671625695, 0.00331184111360814, 0.90056269001874, -1.39869122816918, 1.14253919951021, 0.779904296510203, -0.893345429372036, 0.677071661813373, 0.685055723214689, -1.12121684310033, -1.19002339106363, -0.146495489465579, -0.180135293742556, 2.59887504606169, 0.180429242563855, -1.24580300170627, -0.151806232224172, 1.32807479312329, -1.15939335624383, -2.41319886884097, 1.13635138606856, -1.03947288052227, 0.785791655650364, 1.24363827562228, 0.110711657925123, 0.566238486959278, -0.528150581792073, 0.390082822901214, 0.00797591423158192, -0.444082589271796, -1.19164130475597, -1.24540665196232, -0.530368498135753, -2.29549931472722, 1.04955977395063, -0.204769079274395, 0.105266141694372, 0.466339450178154, -1.35612281136182, 0.463580786004551, 0.330860975044805, 0.857313145779231, 0.208578144916721, -0.957556597499856, -0.921537779157283, -0.15671812499073, 1.60172178074865, 1.48103936438957, -0.343648384575223, 0.882167893526763, 2.53739989515627, -0.174538219658716, 0.827040318118195, -0.498008231753689, -1.40023890930179, -0.714784046233849, -1.1890037753769, 2.17026831875368, -0.0953167137620238, -0.983743863306368, -0.413334723261908, 0.449217986324104, -1.23675242567761, -1.36558793882468, 0.335416592863176, -0.56536722684379, -0.503451224522275, -0.763310573286993, -0.901986640654885, 0.837031809952603, -0.0567044564863293, 0.462954358966995, 0.64959373462104, 0.236522620968434, -0.109961090259666, 0.264878322864334, 1.09005568216724, -0.425032042259568, 0.719285670025087, 0.378720664980408, -0.82788762925388, -0.199196415523022, -0.277984755781555, -2.39295988287207, -0.53087544931782, -0.384062807980725, 0.448138098695395, -0.493613717651283, -0.0561300382936996, -0.590323902469398, -1.2017293668418, -1.01995504837222, 0.429958535600519, -0.688597658208661, -0.909914625822727, 0.384312086648483, 1.00390926867517, -2.70006825881517, 0.834428073142287, 0.0991878305737811, -0.320350774235279, -1.26133105426764, 0.939421840014777, -0.143067831279617, 1.41802712221673, -3.30373227701132, 0.49717895284164, -0.700755119819091, -1.77773984480421, -0.714574444625086, -1.26882667423557, 1.67037664988089, -0.302792338605266, 1.32792206467433, -0.35536179781241, 0.713070810250631, 0.0691745006840845, 0.232490551058039, 0.649669571164285, 0.598518145944562, 0.508869009154887, 0.291988670270978, 0.179509463785351, -0.845717185542664, 0.965090862791068, 0.756079019140605, 0.398129387924556, -0.0016664956044305, 1.37551356333004, 0.452475898313346, 0.368315292122025, -1.91766733531701, -1.7481222385986, -0.494198451413876, -0.400629016366527, 1.1086200557829, 0.171169712594133, -0.918613842816758, 0.94143983322358, -0.386668964017625, 0.743816649813852, 0.695713692431516, -1.39783039168416, -0.823847850664388, 0.565010680963539, 0.968107305888742, -0.0680454720185889, -0.827725646319527, 1.11461066705859, 1.81541726968815, 1.05911682150931, -1.63004764628583, -0.0385228106743234, 1.25221051549388, -0.037692209851069, 0.605685841919644, 1.58823015417686, 0.422401446912983, 0.99397580259428, 0.397524404451162, -2.08738498052937, 0.313562991419206, -0.475132038412932, 1.03808758646988, -0.626538707803851, 0.257824243124111, -0.152887154949038, 1.57892239709585, -0.0483487568920557, 0.0318914723894274, 0.954944424441228, 1.32124259201347, -0.158328944493057, -1.14220635724461, -1.10830706435039, -0.623183417914945, -0.202530348909902, 0.826017291598664, -1.20135459935821, 0.768813683997578, -1.16444080919071, 0.964052516260149, -0.667704941849401, -0.295179914216855, 0.417690893613517, 1.56194694576297, -0.314176220147655, -0.850571312746889, 1.69213579964212, -1.14065166848168, 2.59688480559279, 0.586363333172482, -0.226400157866068, 0.403419854889114, -0.720913536328471, -1.5851119370363, -0.811544498984692, -1.22134970422603, -1.85827017948456, 1.34251368342102, -0.123097585608066, 0.177644604675663, -0.276877192250788, -0.860268260202752, 0.417688344552628, -0.601343553451169, 0.316823757359733, 0.170477302875208, -0.952298486286847, -1.71751295034877, -0.331578720485496, -0.0163382068191708, -0.546143672213196, 0.851979163479127, 0.0888202708504348, 0.5359456367747, 0.569941223469966, 1.62240612657998, 0.405951510217609, 1.63529264319528, -1.23931205542088, -0.125397131793277, 1.11915202912085, -0.0826289744246139, -2.13496939853651, 2.20421069287004, -1.8298578482194, -0.0133871590604923, 0.468451644078386, -0.0389468023527751, 1.26845961175782, 0.366361357566603, -0.609398918624534, 1.64950931080457, 2.7253843457566, -2.21634969708421, 1.37500367565696, -1.73705492578113, -0.0543817223005991, -1.18518903214146, -1.44044315105071, -1.02098428696149, 1.28156775132652, -0.332633924155516, 0.571849548003208, -0.0317553484077743, -2.10361328139073, -1.9502183009982, 0.875698922962406, 1.54897721045724, 1.42630313505936, -1.66438879692891, 0.841941395073338, 0.920735283187779, -0.541786616988655, -1.08645334560644, 0.542524984016377, 0.312114235178076, 0.00563369766926572, -1.13536556881535, 0.570277930085921, 0.153700627687123, -0.277197312409456, -1.09975728399281, -3.2331409162038, -0.505728632139394, 0.393265297709654, -0.873603331536566, 0.516889021509927, -0.136615795280539, -1.17122839740056, 1.87040505462926, -0.41740071344796, 0.48168016734782, 2.15053593901705, -0.775301506061421, -0.836053019619132, -0.457899175176942, -2.58609336769561, -0.0695313519643738, 1.47096561901945, 0.300926045333977, 0.111231025585405, 0.956755880608328, -0.946891557081016, 0.880204796601865, 0.625441782473564, 1.11541593963571, 1.67341120058569, 0.555606050610453, 0.0718169514374794, -0.39099417008813, -0.412921417817447, 0.184234404547523, -0.227608285612401, -0.238521686714991, -2.20337529752647, -0.477100037703639, -0.721831055593705, 0.871361872896142, 0.00944764391082312, 0.741444906732625, -0.937350691818025, 0.8943805228021, -1.50163595389365, 0.206934778034106, -1.20201591325589, -0.417377563544791, 0.591082733929038, 1.25419308629688, -0.311149361398846, -0.320050872459887, 0.804049059924162, 1.80108993012334, 0.30139246100062, 1.29654730274836, 0.319624898550463, 1.28273531601191, 0.962154554421669, 1.08774596488546, 0.260774897110535, 0.231176236107896, -0.411831163378276, 0.644819129482374, 0.908783890706819, -1.90841311721522, 0.244016998489627, 1.11063983995626, 0.649432403322595, -1.9000233023971, -1.82245781844356, -0.510726347090211, 1.30716069336523, -1.69214043003163, 1.43880198716698, 0.0989620714928086, 0.672263374407553, 0.752611903136138, -0.0349318812101993, 1.30846344333088, 0.37740371126185, 0.57343836669046, -0.780378714803771, -0.397129923314219, 0.522481170265549, 0.250444860389804, -0.0405895964699624, -0.0664025379032594, -0.482830261795263, -1.44390835777069, -0.266929233422709, -1.99718913098755, -1.14430642521916, -1.73845132826185, 1.92349473460731, -0.445052815256705, 0.757925065241384, -0.142301952995394, 0.303052560705142, -2.45104099712055, 0.534458918752156, 1.60786936242185, -1.16017486737278, 0.96316600645002, -0.289379206737974, -0.34331783535647, 0.786132331076403, -0.530809805159952, -0.374410003922717, -1.63129274762394, -0.965732844781991, -0.243178946514976, 0.0455791699023125, 0.153339233518578, -0.360380060013601, 0.00865893838288629, -0.138524942164219, -2.22301270091393, -0.443303764264539, 0.0338149495548547, 0.0284606551276861, 0.325679519755926, -0.213862860270164, -0.776330112084618, 0.575469491640282, 0.807102013148273, -0.794312275537869, -0.0553938923562771, -0.537453766675047, 1.2564498931877, -1.33116440026712, -0.779144742189526, 0.681439298042757, 0.726450026334007, -1.51688616977597, -1.51699527708817, -1.09994212092777, 0.836967570664185, 0.865912638500735, 0.696579224126471, -0.740569029515632, -0.147385333423635, -0.470954089326157, 1.03292248757565, -0.440345242248618, -0.374631589941689, -0.174499497159541, -1.00723038757674, 0.560281715015689, 1.94548852678929, -0.614656674718231, -1.71250266546237, -1.34338310100108, -1.10973311890964, -0.0785834050075711, -0.696238124156938, 1.16320184628239, -1.48467715687346, 1.14148199109975, -0.13076045897155, -1.71139935834282, 0.101374284527908, -0.389492311460995, -1.71160696720947, 0.153206195167985, -0.38896678291377, 0.094994641327605, -0.586076330502504, 0.0481835769009984, -0.651509448053574, -1.86562851121271, -0.0939321040958818, 1.19516641131989, -0.238025835470616, -0.508436519579775, -0.178572083577462, 0.302788052717111, -0.72601393108229, -0.696789901524832, -0.729511967338835, -2.43729579197759, -0.213007284716149, 1.74963036474456, -0.495783809335659, -0.157505333997264, 0.116159479740795, -0.165743925973175, 1.26687865426963, 2.89314881407661, -0.185123750123094, -2.34711163810468, -0.0248424090987872, -1.28158689822774, -1.99330831054136, -1.05059831468181, -1.15304334271818, -0.194424253915008, -0.75699695611489, 1.14109339230503, -2.4313563991062, -2.02244318756385, 0.0550128456193349, -0.418551473026559, -0.855187024224815, 0.276501120563936, -1.72533150135137, 0.0694774766644149, -0.908077330673001, -0.702588120176141, 0.181940536369659, 0.737356507747368, -0.183327826403866, 0.350808233656373, -0.455202874391287, 0.909814139822876, 1.28846128710096, -0.188991833422231, 0.392139275995049, -0.531499960054268, -0.315729634835199, 0.193088350857692, 0.230717541639771, 0.331972885538368, -0.191743673089946, -0.676576617603288, -1.11178759248094, 0.314815993068555, 0.920556054660675, -0.032310384475397, -0.0932780622966554, -0.0516685379580575, -1.59458014698407, 0.0345327111786613, -0.571478725862256, 0.483803956195498, -1.3791109097772, -0.540505232904418, 1.28839444466775, -0.694998134981369, 1.91419466940704, 0.985926015347853, 2.9001373253395, -1.49652079665413, 0.491884482018278, 0.119434247211366, -0.137080824831881, -0.0902340764618211, -0.000484610223688229, -0.857275765978344, -0.340827575364583, -1.19676368039358, 0.293717216778168, 0.554299851226384, -0.121134492114315, -1.30283928556565, 0.406724043214383, 1.34962956847906, -0.336643399702821, 0.0778317069454388, -1.2625518502515, 0.8927143198521, 1.01693402849292, 0.434942668530649, 2.37521553643159, 0.750089785872923, 0.136792684742778, 1.27371766869126, 0.69976936452825, 0.676247410585828, 0.252324481132013, 0.126262784910484, 0.977614367461224, -1.12565700137649, -0.339188104949342, -1.15646766162091, -0.338679876667892, -0.166776445877154, -2.49984137619356, 0.222786168789103, 1.20136108133527, 0.0697539899948329, 0.613311889297522, 1.05297769628401, -0.0988796924472286, 0.076647895626723, 0.0539452531165118, 1.53724987454678, 0.49645476876871, 1.47681613480195, -0.548638047269957, 1.49418242965815, 0.453505645611574, 1.06275792391651, 0.92791697283998, 2.145377453748, -0.866188301990894, -2.06787215013432, 0.788758920014354, -0.900102406215665, 0.515196816501663, 1.18145393480377, 0.785377157858666, -1.23805557445231, -0.578264980045554, 1.54165028905414, 0.707525509766534, 0.546428677514857, -0.385977134227313, -0.300838400345096, -0.0242066612556792, -1.20073267658979, 0.565218978377196, -1.47800785534073, -1.74244509428525, -2.35497351258379, -1.79169043661106, 0.691902985683576, 0.0319342774935455, -0.850153477021244, 1.71810659008274, 0.511011214299334, -0.0290594406666408, -1.07336082913873, -2.02051645845849, -0.106186788693654, 1.31657194548562, -1.56851258349592, -0.349579095834767, 0.258073855313058, -0.173906612518996, 0.911425639807246, 0.179936253119741, 0.0610478534655155, 1.02860347375158, -0.429461226810018, 0.120161401736674, 1.40410349934963, -0.18708067282469, -0.372849267891876, -0.872236475646794, -0.193928008449643, 0.694697280533184, -0.847698102608979, 1.23400398723952, 0.260756484615289, -0.118503183971634, 0.230265291601891, -0.108320597048378, -0.920089669863369, -1.25911762083789, 0.147147171748773, 0.212253168547164, 0.529003080240292, -0.820250832901334, -0.040208261538001, -0.341954774789531, 0.787155820644721, -2.75756308373345, 0.22584443457904, -1.21995583724245, 1.59943047801502, 0.0675875636048942, 0.511713111136815, -1.37786622662786, -0.0507616407114691, -0.544220430941613, -1.41346056157146, -0.452918607563144, -1.51803068294202, -1.61527526638408, -0.862772198385218, -0.327253169110566, -0.54710190602113, 1.81595304636102, -0.10290541454214, 0.389605044018573, -1.39783266993066, -0.501012276397133, 0.695286278526527, -1.47122214190081, -0.864766070146457, 0.91056422625466, 0.00151462526736452, -0.12117478660213, -0.9322809095517, -2.27004759008168, 0.405351599756701, -0.615872494941714, -1.19147898048271, -0.663586231478261, 0.936044981933999, -1.69150251190012, 1.08518924581611, 0.126792526239615, -0.425665603830697, -0.534107077495694, -0.249393386668941, 1.97948675260383, 0.0132565080964071, 1.23589090073324, 1.17195203839687, -1.83688808217591, 0.506480647130896, 0.659279401671197, 0.219036611238181, -0.197514012120199, 0.389848498681659, -1.40279493825095, -0.0261978213236898, 0.266914875814644, 0.601143797900302, -1.57683001136673, -0.367152066739161, -0.857870049124323, -1.50626727263733, -0.523476855581655, -0.316982793984212, 1.24412232725429, -0.918182226018852, -0.709298332316982, 0.284282618495194, 0.89732704011038, 0.372727716139155, 0.666874423882022, 0.168146043073572, 0.0263701850553679, 2.02322440922384, 0.910885896646102, -0.961810083046322, -0.565488628169044, 0.935671465610949, -1.2465032751498, -0.103567827566704, -0.568158101500151, 0.27432310274457, 0.706924454443688, 0.694023330373963, 0.54581953911209, -0.651682297609995, 0.531776343187028, -0.162136903959646, -0.304492918649833, -0.867193996600835, -0.269116316666899, -0.238496768241616, 1.0728653573849, -1.67284898995166, -1.54015184769842, -2.67317237696183, -0.578787277408656, -0.105519731553289, -1.3543354659327, -0.614967116441672, 1.21643616015507, 0.438953723764613, -0.179230556441379, -1.38398103970602, -1.05396183316471, -0.155602602536149, 2.2938288563595, -0.546028779202248, -0.317743687003331, 1.35786383087133, -0.507264897287524, 0.35703155450036, -1.12844860233174, -0.945051565892432, -0.0821674394418185, -0.134130477913837, 0.965015148396545, 2.08722074335221, -0.590976942175736, 0.109684891328387, 0.88527333277928, 0.513363196290018, 0.590664572656774, 1.69988457182924, -1.48999118124807, -0.0931328954848934, -1.50357759372374, 0.42332672188402, -2.16028101364729, -0.221409347576666, 0.605966375192402, 0.0611764654596278, -0.513464616926625, -0.738368827024337, -0.153435925161221, 1.4217708366228, -0.595032027130972, 0.0257767857649483, 2.06002968175631, 0.0939637253848921, -0.00239092263076734, 0.528147579738423, 1.37869927387653, -0.705654351168379, 0.247154277465643, -1.97306635688193, -1.04188291341582, 1.67673799652316, 0.528923318731643, -0.545900536239439, -2.28889298341304, -0.656454643737949, 0.163483377359798, -1.88247395467262, -0.274939660151403, 0.205506283528548, -0.146414140185691, -1.02512201862118, 1.3060196562354, -2.14510813316378, 0.302442942467222, 0.0659417023009197, 1.3215440020848, 1.03020021076993, 0.961403916728357, -1.95987368354959, -0.0979699362389466, -0.248620042886504, 0.415671463083376, 0.570666477874582, -0.935201024917926, 0.679012330286125, 0.535266811715363, 0.440730608453639, 0.764817157545893, 0.69927086364358, -0.596875671708846, -1.59112902901896, 1.46163320314846, 0.506880546675305, -1.4796243002407, -2.07998149550824, 2.26230682736827, 0.150617495513821, 0.341921608902783, 1.083763463413, 0.637894274146109, -0.72850150909973, -0.353085327993787, -0.118604295429092, -1.27356855277046, 1.21562744575942, -1.77744961317331, -1.14602642696098, 0.656487328409793, 0.847139311927533, -0.343263078788914, -0.540358151355968, 1.28644130769907, -0.274605257959057, 0.812144961794473, 1.04062774643981, -0.445175470498013, 0.410296961886648, 1.74883847148929, -2.05962366249737, 0.151780718929149, -0.093731711857957, 0.603177040884864, -0.574090018423591, 0.836144856250734, 0.742070002175608, 1.47294497510844, 0.357158785711127, 2.19607297340673, -1.44776626402941, -0.628736257158131, 1.30922040962316, 0.585568653095091, -1.271311596861, -0.0903121517811515, 0.679118236175238, 1.71701932908358, 1.47578229893805, -0.157215757532906, -0.627897266486836, -0.199797722391262, -1.82455678031161, -0.0383329525458922, -0.353268383847136, -2.42551483958661, 0.494546486334325, -1.48457835364332, -1.11843168490103, 0.449754054802616, 0.58542364610107, 0.335339142707638, 0.211486216780301, 0.0465203306350607, -0.269862695639934, 0.0275861607867608, -0.29593744304608, 0.634382368249153, 0.0302656454068988, -0.205941246115363, 0.927492293350085, -0.25727481552173, -0.516121612986651, -0.427922872320796, 0.563679720150403, -0.715005358131096, 0.0563324889274314, -1.30543757417454, -1.41160460997611, -0.468473821331598, 0.33686827738964, 0.896972073256316, 1.05509147068789, -0.539690620384197, 1.52578630023533, 0.484536064677138, -0.189476917290121, 0.948024479988917, 0.652787396672874, -1.23546960390976, 0.975648050628516, -0.645517464378789, -0.721189860950734, 1.5091637576772, 0.328634862171939, 0.925503960065094, -0.746400506276448, 0.866685066050258, -0.450934041472497, 0.778117115030272, 0.569172019476526, 0.567617861090851, 0.0405260898169382, -0.526725771013806, 0.0475013249461804, 0.746866276392932, -0.154637499152392, -1.87361973251011, -0.434535049641463, -0.696587767550371, 0.39243010470791, 0.591170999227246, -0.00868464767280947, 0.302902277183055, 1.10588926615488, 0.632741268809324, 2.70025793714529, 2.47579277052542, 0.245490714183019, 0.123361626354061, -0.466934461250376, -0.388241818416323, 0.421243181098969, 1.61595027336198, -2.013844908674, 0.192560716306329, -0.620470354102284, 0.758269158335924, -1.92349789045787, 0.468604505923151, -0.748554809115113, -1.4845125007838, -1.98610083613134, 0.180146784402789, -0.327146866876705, 0.538359361679736, -0.899467918335987, -0.898907854529988, -1.52693190575573, -0.892489912400469, 1.08538187717217, 0.45683873643911, -0.444098569357148, -0.277159511398561, 0.837760519771138, 1.57051929890669, -1.59940743907305, -0.493734363311033, -0.00903569094407056, -0.550072644977845, -0.156057237178974, -0.642150349194542, -1.02380770533472, 0.129357793103875, -0.238842657409152, -0.00987067875474195, 1.70074166961229, -0.939575494269972, -0.743732458551376, -0.324689347247817, 0.622099781745232, 0.349215090065565, -0.153529566580298, -1.57700295810815, 2.39188987451515, -1.26267973691985, 1.36684072138157, -0.570627506953173, 0.737474232820412, -0.597352037942749, 0.445117380560926, -0.296416244359916, -0.419373777454218, -0.584513327853719, -0.5656326542752, -0.308107553755703, -1.40188837442364, 0.346727848749936, -0.138989288368544, -0.402064293423092, -0.337088458360731, -1.32735337812972, -0.879281295864426, 1.55414626513866, -1.17098745624873, 0.450465101643892, -1.15096601240901, 1.32569030467772, 0.943387716811193, -0.77116847264448, 1.77989111855448, -0.0601133623992985, -0.435520181956308, 0.277513386167592, 0.260769517845771, -0.824132291206752, 0.778885333861064, 1.37625955262312, 1.65577527370032, -0.374269010118632, 0.228071423469177, -0.0166900912168391, 2.19633834445736, -0.53479255016643, 0.873151830073579, -0.853819010829141, 0.478150353440919, -0.104555291885099, -1.85305356962717, -0.665804987825893, 0.195554054911116, 0.849102740706177, 1.59041798015978, 0.0415879980567391, -0.47424975808242, 1.19704461681139, 2.10345050942416, -0.768133099249616, -0.155306650163978, -0.178751981991503, 0.89376145870562, -1.35402242989875, 0.970065186911515, -0.623182796466818, 1.48222215538489, 2.33331657817127, 0.841960879315765, 0.0153655145476456, 0.547435838016098, -0.722257391101938, 0.112636434327175, 1.79558009563752, -0.259463666944834, 0.459553584052457, 0.602214545037197, 1.3051771368595, 0.303307780780241, 0.143317423862912, 1.14940225515206, 0.00186294330575218, 0.792174900294621, 1.26134803247717, -0.034097870222028, -1.67417455772466, -1.36541996844219, -0.6326920763094, -0.247571250357357, 0.443094785061261, 1.2642636293994, -0.468101348503962, 0.890977226075675, 0.931169297819698, -0.0485519691311407, -0.668016499663722, 0.737363615218458, -0.917847968650245, 2.04623154815733, -0.844186499849141, 1.31995721250248, -0.670485626979411, 1.99676978437873, 0.456071670440775, 0.145410151212146, 1.25622466762189, 0.0855298271145256, -1.86496060616898, -1.62916795329599, 0.0984823999119155, 0.275780505379573, 1.22667695830844, 0.0580219368388613, 0.182624127987011, -0.396833131534991, -1.40139028910049, 0.0662834946893394, 0.188900632950595, 2.0449080017673, -0.867090816942387, -1.42087157109002, 0.486179783088293, 3.2878275198267, -0.136903091310326, 0.792865499119397, -2.98768916238411, 1.26213433757303, -0.630597476679983, -0.223930693353354, 0.197929278764651, 1.08503638438922, 0.638961444397972, -1.40805619886242, -0.0782948122271122, -1.05144968788768, 0.165840398829167, -0.649885598102474, -1.24504550272691, -0.188551752706758, 0.613258536337789, 0.317567547182835, 1.09380487481021, -0.656481291001641, 0.682822756777419, -0.0810042228080168, -0.0887993012204829, 1.69590076691285, -1.33583475995389, 0.736002332446994, 0.104363256275594, 0.389121360552808, -0.556421366300906, 1.02070318733994, -0.468527525701234, -0.143993004733637, -2.17217952858157, -2.26258047804044, 0.636272298010118, 0.902248673781312, 0.549419769323727, -0.572642329693428, -0.588963553054119, 0.866381296113736, 0.383526651854727, -0.384745855092054, -2.54023857264878, -0.637149559891944, -1.77565024585799, -0.574218451002618, -1.05305296068914, 0.18124852787647, 0.631017045052064, 0.573730216302356, 0.391623265598546, 0.634514223290388, 0.27644122078038, -0.422570203617769, 0.367740286245939, -0.138775588132936, -0.63991133242005, -0.701406033793929, 0.489331195016885, -0.55274452689052, 0.46878845995192, 1.05365758500349, -0.38596649235772, 0.0243610878621772, 0.549438602756233, -0.734691039312826, -0.108704968420844, -0.414437597672754, -0.229398296320075, -0.226525828155237, 0.486682292049199, 0.0989714490285456, -0.0669239496128061, -0.356043902195049, 0.4978771332334, -0.349258294392011, -0.68876924964128, 0.546692564693561, -0.947487188221707, 0.575156634999398, -0.642051275614067, -1.35387561171243, 0.0168045909148841, -0.415227157635694, 0.441073780122675, -1.03080678074837, -0.769768497786668, 0.280993669565974, 1.31901030296493, -1.15618784361832, -0.185117757893338, 0.650506584496112, -0.675508905750847, -0.441022505853137, 1.62459190788717, -0.242954866881312, 1.29925515955312, -0.456405763664336, 0.160407388620655, -0.353022027374058, 0.795773634334625, -0.158075215246754, -1.49875401345088, -2.31243238001746, -1.86797848026142, -0.105044988507951, 0.203269999994677, 0.126772203155886, 2.05401789244121, 1.43227925230787, 0.445078415713019, 0.633136688152892, 0.362967087658178, -1.49579113207818, 1.37964577452051, 2.10637874595322, 1.36146222787574, 0.394952820481088, -0.262581782512123, -1.45154171401704, -0.351465984456885, 1.97778383460387, -0.256046670808086, 0.556163077074403, -1.42271082073712, 1.28488049579501, 0.587401053662684, 0.730170955674901, -0.536929146855555, -0.0191303239210368, -0.0340379602363441, -0.602073152163155, 0.357132309279998, -0.524414561648824, 0.00582965093765536, 0.83711421345659, 0.104424437783307, 0.0592656547162997, -0.422882901164936, -0.825653393524802, -0.994773268457776, -0.265351736187891, 0.997086023214491, -0.56359448466096, -0.798544974716909, 1.68485819850668, 0.184095650500861, -2.13011917967695, 0.16712281051618, 0.245277327197883, -0.866900752587013, 0.106174267142521, -0.587919140738241, -0.303878193022915, -0.682574133678391, 0.489840859545959, 0.208901805399198, -0.846881957484787, 1.00132912978699, -1.26806647466675, -0.971132508676484, -0.48341945928176, 0.971283978122232, 0.461627297761731, -0.81702783281084, 0.519892771896647, -0.055389671686126, -0.4244046277425, -1.34275382161575, 0.0117898090388086, -0.771436476267657, 0.0444031651690242, -0.314384333379742, -0.418868962864364, 1.30644015889517, 0.611427030135585, 1.14105455606435, 0.555580326971387, -1.22916752267043, 0.924620667881139, 1.21272753846319, 1.83481460366693, 0.481141656761356, 0.0820826633221764, 0.942048638219619, 0.534673105915738, 0.560377748009154, -0.25813324491241, -0.101176918843275, -0.388001850784251, 0.710935115070782, -0.957589326296166, 0.492823998968967, -0.851163642561819, 1.71413096446636, -1.11458941415947, -0.385438529002286, -0.968374439942595, -1.28411717350267, -0.0617792452062931, -0.202874390468208, -0.802205558374676, 0.314848701426281, 0.427175175347797, 0.570591688155166, -0.265404886611346, 0.510709883395391, -0.379655571962174, -0.558761155133129, -0.652362772516531, 0.733607206586837, 0.183642081933433, 1.28967988823527, -0.0772085096345154, 0.0238157844506146, -2.47083374399978, -0.533016823646732, 2.16658904168653, -0.28168437373462, -1.2926353227384, -0.185719338501237, 0.278758910100445, 0.0551586656039117, -2.29716524535243, -0.0281225528877293, 0.729246712886856, 0.636128920870759, -1.37012688616125, -0.870187044288085, -0.216875512806412, -0.0167836703025641, -0.729644631198074, -0.0350835738923809, 0.00994420009007632, 0.548606666810434, -1.07924021857441, 0.24042004701593, -0.892947146266238, 0.229690348288604, -2.39819075712622, -1.11384875314857, 0.678575166110851, 1.63115377966113, -0.967252664160815, -0.25122295831823, -1.01663715206083, 0.780953141673858, -0.25178644224099, 0.520121414973626, 1.68545317432337, -0.947995211798042, 0.0392704036056571, 0.145583857616967, 0.948820702986719, 0.0618775663178074, 2.06725345216188, 0.508367681501439, -0.570539519670663, 0.889345423610441, -0.229344033178044, 1.9271420265902, 0.701215885438857, 1.59317965950089, 0.783986271369008, 2.31527373188334, -0.788967570267983, -0.707035995101929, -0.478892809407651, -0.833764900466181, -2.22511978062621, 1.66902897430039, 0.136598106589845, -0.0581000893970514, -1.23697683711437, -1.43384612027985, -0.443589853826785, 0.983268555308875, 0.504955162910593, -0.193987321118932, -1.46553003797078, 0.903685393466304, -0.468964274452545, -0.261964191983204, -0.849706745179107, 1.03337648810139, 1.30747093240968, 0.304546857420095, 0.0849536367024546, 1.48910893459982, 0.41768852111485, 1.91119301881485, 0.0200058393531903, -0.311364685521085, -0.710596998806391, 1.21226595007496, -0.0660170538131631, -0.490752622164011, 0.229922746637371, 1.1559761315221, -0.765955692183289, 1.1948629363199, 0.495865293019986, 0.0839439281421117, 0.962900004395624, 0.477141125379076, -0.141707516343244, 0.284027953360261, 0.079948598391384, 0.660210761902551, -0.894589184675613, 1.31404689424892, 0.305017970369083, 1.06262536205907, -0.74101926598664, 1.04192738106029, -0.455922775374652, 0.512619461471319, -0.60967662051102, -0.17039055687269, 1.06516707935312, 0.581464798439448, 0.157986682687767, -0.951114514215636, -0.116877913438483, -0.859858460558537, 0.220716805083781, 0.954442308720443, 1.68709259162785, -1.07103344319281, 1.13170878751016, -0.92837958943768, -0.719809049760159, -0.596552847660485, 0.557580065479689, 1.6207941587245, -0.998012957905995, 1.9869419008648, 0.496563293572268, 1.3899688625886, 1.21933084345347, -1.55134584015554, -0.341513855092013, -1.46451321756599, 0.991262216297998, 1.23069721780942, 0.550575939446985, -0.956318783097485, 1.27402071959055, 0.974927236301453, -0.668737910711092, 0.181195050942667, -0.408374689383816, -2.33077363099748, 2.26642869703562, -0.73480405948102, -0.388314621469441, 1.52163656245955, 1.29377836425116, 0.799888983622871, 0.313892637236336, -0.569213581271779, 0.440836537732615, -0.174026754873303, -0.756642141535636, 0.533912121213031, -0.0815581958554849, 0.824544974395365, 0.249637059300493, -0.183093444708378, -1.23378811535105, 0.808958979779742, 0.428757167790591, 0.131554210949871, -0.495410894558349, -0.0667414941200623, -0.542116990683499, -0.344011083914062, -0.202394401603729, -0.291544781314011, -1.633660209323, -1.24271632862314, 0.890255852049777, -0.733953636610374, 0.828487690441198, 0.695178584596932, 0.0740106475771209, -0.0915368286241346, -0.867033734963711, -0.474197473159937, -0.180019677997872, -0.239373868919231, 0.152034001678735, 0.922584577502486, -1.77083003526416, 0.486874873567748, -1.42105636098851, 0.57477179257406, -1.63641599973333, -0.0707011778575739, -0.702736105754372, -0.37192102704091, 0.150123866787836, -2.54977719818463, 1.3838860227601, 0.788464104307551, 1.93945720790571, -1.73795745373211, 0.720013226268478, -0.101372720549035, 0.649887584656968, 0.511430693175208, 0.365923211897516, 2.22215075170871, 0.724672210545368, -0.966946430785707, -0.0804290038547796, -1.09309981374771, 0.201554067140536, -1.13432625298703, -0.064333354405342, -0.684359314499704, -0.0479335094701606, 0.938620418343485, -0.814866717254178, 1.82340369544744, 0.167240410807446, -0.805681333409597, 0.379858010918171, -1.32896711987261, -0.855035475678032, -0.510423328505637, -0.200200250852007, -1.0915597158419, 1.07360374272167, 0.196401437288705, -1.69828876092755, -0.266971621455657, 1.31138581894067, -1.29437867845912, 1.69740458066159, 0.6358413898694, -0.195223047458321, -0.567726355418848, -0.356438889292931, -0.622261953023883, 1.627698722508, -0.433740147770903, 0.0154558228577202, -0.510389311434687, 1.50993022841545, 0.194741147662367, 1.57542218714041, 0.85983923844724, -1.17103107957147, 0.81271556004432, 1.45466402117647, -0.478068393046535, 0.282195202342265, -0.71955637894273, -1.09229881716341, 0.246002355983366, 2.44942614678287, 0.440377351510968, -0.119710984476426, 1.91479301240696, 0.137676336376121, -0.282868437301204, 1.02442774297753, -1.5825392218233, 0.0784893634269614, -1.54897461702452, 0.355111152776121, 0.0431339517513151, -0.931616178096148, -0.434054797637062, -0.672963809854769, -0.393707013056662, -1.15854594348973, 0.717386604764739, 0.961607006280997, 0.228557375043988, -0.138439827440723, 0.494253451596561, 2.30249835210381, -0.459455018244894, -0.460252099427182, 0.515017703737661, 1.02502720770364, 0.016435810495011, 0.515420609669517, -0.61050919379896, 0.166598136548369, -1.15411642348137, -0.275294554668664, 0.897955483032058, -1.07312061662466, 1.19479873264025, -1.72806704009268, -1.42304016643495, 0.935157197455451, -1.55082245383377, -2.53653942127545, 0.296039349814282, -1.29224878659767, -0.121204466938313, 1.10003671550804, -1.97273274332204, 0.679410114810131, -0.0985551347016414, 0.525547637690306, -1.67433125224499, 1.63228568426995, -1.28049724612539, -0.088181889462275, -1.21651016713931, -1.29193344559913, -0.360312864024949, -0.912281965369496, -1.03004282940509, -0.606610988868161, 1.43920782421926, 0.255659821849873, 0.84648811788328, 0.929869205183755, 0.661094947364291, 0.983437938428869, 0.455042228921834, 0.901745260498737, -1.56299241653098, 1.73722112629362, 0.922567425487084, -1.04155924740895, 1.26751876707611, -0.550186738068372, -0.967407574103412, -0.0663326977752565, -0.143118777466269, -1.44748767392697, 1.09850625618159, -0.269751887361748, 1.1373805516246, 0.771084560578194, -0.873768308546743, -0.127726097905188, -0.140028018103123, 1.72232551778489, -0.398109697154929, 0.166871892318838, 0.0214141250541726, 0.971141892156553, 0.0983539313896901, 0.759002571835607, -1.26928803034683, 1.16891719814251, -0.290453749300807, 0.218146884741639, -1.97898900200646, -0.925527102245152, -0.76792715789109, -1.33926281441259, -0.0340921192217375, -1.57032212214801, 0.70416797122373, 0.85636732755836, -1.27508208762129, -1.67099353324156, -1.43371508472097, 1.36345263544657, 1.07767085503696, -1.62039646857277, 1.33211755152666, 0.0799382416080206, -0.310698559114517, -0.0952405894655224, -1.64528663027634, 0.205774643671614, 0.22518474982968, -0.0349471478867969, 0.645330937955216, 0.519746367012357, -1.02886376397938, 0.0563423118384131, -0.595924488851473, -2.03416659820437, -1.63420786055499, -0.520598367161482, -0.0646900938415045, -0.380166309920496, -0.200823392359116, -0.724508800468017, 0.110206706343973, -0.71526958275503, -2.34494182952266, -0.323913013589604, -0.977870545741576, -0.614747091223802, 1.16846418141041, 0.112695997873359, 1.03932229746292, -0.587385702868569, 1.34112381548167, 0.924229973204252, -2.56300979143456, 0.165331048676329, 0.157153122255697, -1.08902340500472, 0.693450568623458, 1.49970333183212, -1.06479214609616, 0.925785180632303, -0.729390737591977, 0.601642179486251, 1.2546335207567, -0.491695853978344, -0.101422106998836, -0.554213565083113, 0.394782478316513, -0.952669142864222, 0.645965588037279, -0.507894718354304, 0.00684223147061126, -2.71515785885408, 0.0810982998974725, 0.318821205601751, 1.09311702380716, -0.426282904275728, -0.90086879717445, 0.259620431096665, -0.627285592041137, 0.284933585156988, -0.60372153718663, -1.2735180162488, 0.617517142698228, 0.762397194001855, -1.59622877358847, 0.435040621824851, -0.18603584120579, 0.891007522404799, -0.764726164457978, 0.276368927157719, 0.388267893488517, 0.371050957100181, -1.07261369565219, 0.737230229702126, -1.04931806864823, 0.388139865690296, 1.81216455291575, 1.03860279704031, 0.649829812331309, -1.86367186644391, 0.610220197337795, -0.368070020461954, 0.339695921081824, -0.294890125028501, -1.9916461047931, -0.091661933624983, 1.87104367157026, -0.833497493896421, -0.992004190012366, 0.063947949902513, 1.40483462501735, -1.48317480173437, -0.321448646118106, 0.1854043974983, 0.764693463459778, -0.310144196309182, -1.98690362407011, -0.192220391655365, 0.351088788615685, 0.787180229319784, -0.797737959111002, -0.542598001748838, 0.984381497929824, -0.0227564700569236, 0.680856805929801, 0.144048133284107, -2.06180594823897, 0.991522828770657, -1.60831880049369, -0.673859939068823, -0.550520638931637, -0.745030068607636, -0.578052430499731, -0.100205327671295, 2.51288731963975, -0.844577719495867, 0.486004660119227, -0.0267012713441863, -1.57165192592392, 1.36331479951586, 0.590364049562419, 0.131962440127637, -0.362980055114181, 0.11102097343054, -1.60413081723815, -0.0893178516161754, -3.45944771869408, -0.707607853820606, 0.280080158824061, -0.577568783876755, -0.983629439199757, -1.17365583008546, -0.644864116547437, -0.637014438901904, 0.972217279239147, 1.54840123309876, 0.85713770144507, 0.0780645130667418, 1.55724735617725, 0.45964853310606, 0.790355731687046, 1.55355959218348, -0.245015508446681, -0.00880055404767763, -0.22759198645767, 0.380955968604254, -0.294223395320705, -0.0456318215283285, 1.74980788898715, -0.396247009364708, -0.438603935262532, 0.31935001633024, 0.200993586486181, -0.6740301558747, 0.110955659843612, -1.40363542237965, 1.39231904195367, -1.8295781553898, -0.42227184718188, -0.434583692092236, 0.439388280339424, -1.89357788628481, -1.00240950354761, -1.5938904301961, 1.51623827152442, -0.273667987417401, 0.676462026357602, -0.273780164791749, 1.15027326108437, 1.65309824055935, -1.85986283986037, -0.959094724490784, 0.00553398040741225, 0.208611311505159, -0.681411428319669, 0.296063622513593, 1.76726841338346, -0.625099353357364, -0.919924451329889, -1.6199969657101, -1.23036706002971, 0.675887133808394, -1.20241013703314, 1.03437627120577, -0.103160723457823, -1.79107050472079, 1.29777836177033, 0.316884576812243, -0.899789795711343, -0.866854037340617, 0.854000345477013, 1.3707139752994, 1.22197843768963, -0.608754956394348, 0.700323437175278, 0.819072412256452, -1.44451531560621, 0.0905079823928588, 1.01767648314181, 0.654236615041993, 1.17418530629592, 0.622127650935644, -0.883542644117513, 1.19528491741042, -0.146508994814126, -1.99474392749591, -0.858254720039327, -0.657541773400302, -0.0997150558241046, 0.848745986996264, -0.491662166787466, 0.94229670511385, -0.0907462198975235, 0.754065942480523, 2.28334355268115, -0.233177237200237, -0.573757781283556, -0.0257522076873121, -1.2020090774369, 0.059606163955237, -0.728196389000296, 0.625325271744866, 1.16517588325091, -0.582386470623917, -0.231614307511983, -1.09423842617456, -0.527970399000567, -0.324923647623973, -0.408875389386646, -3.27639119494569, -0.84172329622955, 0.221872986792649, 0.948384719984282, 0.0947643724451031, 0.937998778838805, 0.265494024500105, -2.23109053300061, 0.167041277537993, -1.5779392212614, -0.31093878181309, 0.35778130098761, -1.3699614668259, 0.948596208650082, 0.843479707461984, -0.325971537633388, -0.823141454556613, 0.431564198684339, -0.302445803370346, 0.617614474417787, -0.952987818305705, -1.37343073028501, 2.07774142816815, 1.24851255539764, -0.438083944406258, -0.372735095006799, -0.730809883928276, 0.442478798742534, 2.15889771154504, -1.73815050930482, 0.265743660411402, -3.27576270917819, -0.737375876488414, 0.0514208019523999, -0.0968232847924427, -0.417369096492667, -0.488511401106285, 0.526983837101958, 0.360562620748761, -0.156539263943622, 1.02986176657985, -1.65421659843468, 0.0812931447558636, 1.501171386168, -0.591030316908202, 0.921191439918195, -0.366505398164989, -0.00712059525590106, 1.44688115849969, -0.278153081273741, -0.081524210777785, -0.175106626614649, 0.95697123612733, -0.31896380137065, -0.62998089642081, -0.504889794653582, -0.0755087622831743, -0.360719168279239, -0.592493439684829, 1.59616347435509, 1.68912541416734, 1.10930739531628, 1.75951972017615, 0.321724715010232, -0.692796984037766, -0.406922816637829, -2.01255361853571, 0.331439695762864, -0.535932223727705, -0.641208875893541, -0.837298070435196, 0.364284373798318, -0.830718864005912, -0.936842161644603, -0.498419887259656, -1.2627995773018, -0.179658248814313, -1.55827488523264, 0.180869395008474, 0.868033481946965, 0.0809025587897992, 0.410750806155165, -1.97177454908744, 0.508922863804878, 0.383861116592759, 0.789061732048795, 1.55344736734514, -0.312115680538493, -0.0964429710256182, 0.49107122100042, -2.42107082780011, -0.650324066572906, -0.806040686064775, -0.381048046441002, -0.548331204579371, 0.55819711887491, -1.52012155531075, -1.40505051405488, 0.300623050242808, -0.273555357748425, 0.887394711172273, -0.0429012021359021, 1.28359817517518, -0.635478140497769, 1.1147812657477, -0.286834754058764, -0.484273735754272, 0.34025054935383, 1.60675218622416, 1.65807745564545, -1.44734259183708, -0.84558382105523, 2.05602645617498, 0.85666829936923, -0.240206435842235, 0.0717484512107681, -0.936668599184008, 0.854468294519679, 1.37271360141042, -0.108182942528322, -0.225989304269325, -0.00856898146237251, 0.506946585669973, -0.592335900462145, -0.74892911504758, -1.9719419635505, 0.392998688625674, -0.801668140270865, 0.728284979035201, 1.71447114686898, -0.857722098956126, 0.345752090891924, 1.18351256180898, -1.64301910808775, 1.72453611208455, -0.575984737525476, 0.0226466991389594, -0.944461852960408, -0.271843932178663, 0.342902889874985, 0.473598069911917, 0.852746946126086, 0.211941842233577, 0.577313339988684, 0.164374735221012, 1.52925366200501, 1.78195984481444, 0.644130742451232, 0.321840666199187, 1.03491531913125, 1.40702440507596, 0.252554622552883, -0.00901786687703737, 0.384179894452633, -0.52650378716611, -1.25562249109696, -0.43222949674462, 0.295025182975675, 1.32145345028882, 0.606799907360283, 0.46202512974993, -0.113104267024886, -0.643626995042297, -1.010386660059, -1.19761400271678, 0.517171628609588, 0.506994812242542, -1.08753610280714, 0.57338529497613, -0.839691865900761, -0.300327626186297, -0.421380910598934, 0.0638977264445516, 0.216889974594901, 0.759470026103799, -0.715807881070833, 0.115919436141664, -0.658297011134054, -1.0037721639966, -0.484682584951843, -1.522425909531, 0.585567527657529, 2.35525199781326, 0.76924381833864, -0.0204513889459572, -0.556916365723105, 1.20727393968055, -0.917926415510308, 0.503143904173881, 1.04526419818418, -1.86469698440716, -1.95650459933455, -1.38173273529071, 0.528565472298279, 1.00018882743458, -1.25832054489738, 1.47964481878814, 0.774768866466211, 0.519514931208333, -1.06244093358241, -1.62787002967132, 1.31764953616741, 0.482709090750054, 0.549586525221027, 0.139791921002142, -0.791357366709415, -1.01718959725956, 2.25333367430933, 0.782671805899458, -0.349599472664012, 1.12918758345854, -0.0758957509073618, 0.388539769746252, -0.116174551628308, -0.237038881024692, -0.63329727294956, -0.680785290105714, -0.0156193372666036, -0.0387756156664476, 0.350646585243119, -0.0598474393590026, 0.174567037036711, -2.1153728996404, -0.544550047599628, 0.063721136424598, -0.04865261343091, -0.666638272325085, 0.683168218119185, -2.08610805792301, 0.291319021095417, 0.373152890804434, 0.242849463918379, -0.475316678634476, 0.452981403348643, 0.561581318655545, 0.689995558632415, 1.17295275866046, 0.612880507516982, 1.06471720121365, -0.390810021185116, -0.584715550991958, 1.21875877970538, -2.39402730951352, -0.545456054279388, -0.12084566350474, 0.747130206915605, -1.72779402162802, 1.51930686866308, 0.99475916257171, -0.908422964159899, 0.122725961896623, 1.96236329811713, -1.13478013503547, 0.1740477178408, 0.793841193693439, -0.737839731679111, -0.375096500500972, 0.602280014093677, 0.427060096842352, -1.1267433018528, -1.25923352822222, -0.935220209719598, 0.225552823041345, 0.714941734500863, -0.461797576635798, -0.585263629277475, 0.0476158151403062, -0.123911611915449, 0.180429156269052, -2.69221333863964, -0.0109226603868175, 0.932698588704492, 1.7301004312889, -1.42005271459088, 1.24261278276184, 0.631249204798943, 1.07318443366435, -0.249494715110451, -2.43619670739331, 0.213229084511729, 0.104908836214578, -1.06879894127991, 0.874488436446669, 0.62244318420889, -0.867179294694419, 2.53902867400256, 0.563931368481674, 1.11049920449724, -0.578296152764088, -0.868106294629342, 0.528690431374274, -0.899523988862996, 0.00130420045520683, 1.00270234749706, 0.571645475126268, -1.7622619897797, -0.319400054404298, 0.312368973839834, -0.342198835408253, -0.225356527051235, 0.242572569833168, -0.758081431018551, -1.97786105647992, -0.233800310880933, 0.810142679270324, 0.574952929971229, 0.556305298057106, 1.54384508152686, -0.0129433590113654, -1.26982719985865, -1.51769256979374, -0.539233928689209, -0.522746704702766, -0.00155473229212275, 1.58809948736583, -0.375063192216445, -0.917849094089006, -0.703097924368963, -0.935069206109565, 1.05419863711052, -0.193777529374177, -0.791868826740213, -1.42312831735943, -0.462905440685309, 0.719188840761032, 1.15568365380158, 0.557618217560457, 0.145689383370865, 2.02740132587806, -0.181614396350363, -1.26395701201828, -0.543481098287719, 0.066434890002848, 0.86433923068715, 0.592457925882433, 1.3917320004713, 0.536791792950384, 0.528886918497861, 1.64407558038463, -1.36090518306951, -0.635810684286456, 1.05937259268457, 0.56472965880989, -0.728898966468577, -0.52473505790757, 0.154850965345495, -2.59643727363561, 0.336822858554584, -0.479218580055502, -0.974531222592778, 1.79934672002841, 1.61651169221249, -1.09531219076291, 0.931118427225351, -1.36701271876836, 1.18388383696134, 0.154050230297856, -0.19963067397219, -1.50903424796061, -0.382722497413391, -1.84633754386827, 0.998297585806855, 0.480963298335426, 0.765193114820298, 0.769590955605167, -1.21375563310043, -0.273789131646159, 0.878840665082922, -2.14741203364387, -2.16371410695278, -1.99833818131432, 0.803501507609632, -2.60654662045047, -1.23350661463855, -0.00947127047479114, -0.645229710871631, 0.402024110166227, -0.784870656996561, -0.966311975880147, -0.228415553738355, -1.35293384203084, -0.955522995926715, 0.721547090736196, -0.0435751760765341, -0.36242238272181, 1.37561346958935, -0.92431430089523, 0.667000166230684, 1.26918826289374, -2.07388675432776, -0.598646614915278, 0.597127745592929, 0.945249091450492, 0.413557931833893, -0.129211012740366, -0.125139018160272, -0.0483536480337929, 0.686802671981645, 0.544242233597595, 1.0065648890202, -0.514593615171229, 1.56332776004432, 0.725085063680053, -0.765347734308044, -0.49716927557321, -1.97056975305258, -0.0243771361121192, 2.34270267002797, -0.601433010511073, 0.416091464297374, 0.754261241810548, -1.19372247697455, 0.804141085101691, 0.11180816335236, 0.579378305608052, -0.534705159357832, -0.131068615132994, 1.01628987527544, 1.17947055150986, -1.957617505687, 1.53278460260143, -0.0395611512792612, 0.169145988338404, -1.32257530323398, -1.07847106045025, 1.64263383926294, -0.40920127461119, 0.871312791006888, -0.564492303696156, 0.211818900307362, 0.913693906524966, 0.552561124843489, 0.869845968411905, -0.523871764532026, -1.23280443655306, -1.260441882456, 2.39188427137327, -0.0654350791389004, -0.984774857923796, -1.55011140440196, -0.697717993736127, 0.382977259064289, 1.18150507122473, -1.58497816850077, 1.05460551340085, 1.12543863444086, 2.55780226758073, 1.3597136084568, 0.642796684677469, 0.684094114749053, -0.00493899659564228, -1.15788919179357, 0.112917377105393, -0.46523001196265, -1.82717325530877, -0.450901479431908, 0.241105795767482, 0.121797437675048, -1.06311172768818, 0.89453787233938, 1.04548723864478, 0.473871873685683, 1.67991949563029, 0.0322501138411091, -1.71777616142731, 0.821847392041766, 0.882447284909816, 0.87791616127942, 1.50147549397894, -1.90720674526764, -0.621230451690481, -0.341800422553372, -0.0632091008596802, 0.12934262208137, -0.134526810063426, -0.00170871548001199, -0.436951007927985, -1.59404327263307, -0.714602769751729, 1.27283847756136, -2.32331495359611, 0.0940607971231792, 0.473843510193936, -0.447393240380961, 0.421463527918533, -2.20115544576053, 1.12639956751833, -0.438200822908825, 0.483539809697294, -1.06579669748087, -1.2721957452641, -0.0517813864729501, -0.163541023563984, 0.430442557520732, 1.43608124582988, -0.413009308774332, 0.39324830155641, 0.412837897765748, 0.449499899610284, -1.65226568383885, 0.853011066442053, 0.685058338085509, 0.0239499390726833, 0.907279552172813, 0.609624893830917, -1.06074248619086, 0.0722313277352502, 0.899139796368174, 0.288336074044967, -0.7868629515472, -0.126647750853237, 0.0171287055843318, 0.10887710640976, 1.70450108745473, 0.0240113213855408, -0.166020683991698, 0.244084910213004, -1.33589769455659, -1.04114734422268, 0.274022276357214, -0.847796019990424, 0.847686907096254, -0.541910429070339, -0.585071283547781, -0.501869711916328, -0.489189822207195, -0.839203095033873, -1.53659349325748, -0.565973304749007, 3.31540100701126, -1.71752145273895, 0.495444013682684, -1.44874507587576, -0.124002878131607, -0.0322711488189265, 0.642301460534181, -0.986239112627237, -0.145512788973376, 0.285430778318732, -0.567308900623977, 0.810039139790956, 1.50095689805111, -0.349624871342638, 0.936948291866717, 0.0542912149692166, -0.665190108413542, -0.290731939314524, 0.0189022639963997, -1.3180003037671, 1.51700015895724, -0.525231818933204, 1.4773925851429, -0.250469248489662, -0.39843916759769, 0.0695758788206892, -0.869778127362082, -1.7458765818931, 0.665933532797978, -0.106778890026936, 0.199514038630697, -0.371844044435497, -1.23296003486091, 0.275290340995034, 0.818868707548427, 2.20661511179555, -1.15183939505329, 0.570342879536909, 0.0941781881690901, -0.630683583507122, 0.585756546342649, 0.145768950647226, 0.226878574114652, 0.320013916879516, 0.0182648198863808, 0.641011622148811, -1.72237182287617, 0.643840611614865, 0.213552235803987, 1.6953499389999, 0.109722054340931, 1.27321018293078, -0.315175109644175, -0.610585286205808, 0.673904253289545, -0.474763737658797, -0.121896903476599, -1.12749693019513, 0.772941333984637, 0.553855621004147, 0.270323883572129, 0.336891502641088, -0.0986234386670809, -0.591054385273597, 1.36678797337418, -0.639246459103356, 1.76920568298482, 0.627886439002583, -1.18423646956959, -0.315768997239923, -0.250606874329478, -1.91520957619083, -0.613388014609698, -0.32320852913507, -1.01500952228799, 0.468200080034862, 0.177278641507407, 2.7235354496999, -0.107604166004258, 0.510230325431239, -0.51033837450783, 1.00161028528174, 0.840870845347796, 1.35832227255228, -0.799363164595228, 0.172441214207617, -0.588820682710575, -1.49286712479127, 1.57796691065019, 0.195900101051882, -1.11552892670412, 0.913689918137795, 1.80312772310752, -0.335861634726309, -0.26238703116871, -0.27599375236865, -0.6144402890016, -2.1364408637344, -0.0473612433472389, -0.646450261165487, -0.274733989367375, 0.828702827191113, -2.7971967118093, 1.45612936642218, -0.0456838723242201, 0.469199104729983, 0.558900809126972, 2.23930511609669, -0.359010344617987, 1.46341117303525, -0.821002720104034, 1.08114962983233, 0.273791960541002, 1.2991137116053, -0.851490967742906, -0.180845540881272, 0.989061509079802, 1.26082763211744, 0.356852762159618, 0.784432867226775, 0.842061824099793, -0.759641204409785, -0.922355891896322, 0.166220041795198, -1.18138768290738, -0.292330705877862, -0.883397648906461, -1.20112036255588, 0.0585466509453628, -0.885516229809671, 1.06036253643797, -0.681492772542292, -0.406429549095727, 0.867097651903161, -0.124901313651979, -0.32141815579092, 2.48468907426486, 1.25716014660506, -0.586820185643602, -0.843703063037172, 0.460103517911634, 0.667138348768604, -1.63470457489576, -0.281452123018777, 0.0978853421306351, -0.263833185964974, 1.82097168507991, -1.07708704183545, -0.034592790049916, 0.221210135934462, 1.09710073525291, 1.2674680855256, 0.495252763413003, -0.520029112051623, 1.63401734752554, -0.639878386050512, -0.465240139539846, 0.461778955999396, -1.08583026053662, 0.41434318145553, -0.145130767941854, 0.829431782689849, -0.934394334278612, 2.56796030658717, -0.977933563606993, 1.18103078802533, -0.959624968251605, -1.06009419612852, -0.060545705334622, 0.813691835557614, -0.121466854534998, 0.977582444173356, -0.20091973162227, -1.65215558526718, -0.821292413453938, -1.06720195949854, 0.299844755079211, -1.07619964198025, 0.622516602231523, -1.88953718580794, -2.24398640818635, -0.0705431167594436, 0.674809030175521, 0.124024954455704, -1.81741471502114, 0.272037046076218, 0.644068096825549, 1.72852008828522, 0.214400087369223, 0.118132164360961, 1.03190732270903, -0.573087516944505, 0.782182858004906, 0.0324136281985278, 0.83842354518627, 0.0363983910926157, -0.5681443470918, -0.289830644257628, -0.428444974123027, 0.134805577404635, -1.06328854277872, -0.15478291830237, -1.54978278305707, 2.6508989334586, -0.366187092793652, -2.36743301130799, -2.20437112653318, -0.535592442309806, -0.435331818372474, 0.326236851920361, 1.12072725851531, 1.00106338576543, 0.627454658772783, 0.278300761545406, -0.119680902631052, -1.33130219639622, 1.01169573599845, 1.0605920543009, 0.308980455973792, -2.11224540026952, 0.514887339192892, 1.09681633753412, -1.1584842626405, -0.650732065906615, -0.190046903133741, -0.0568120619371392, 0.408369212448614, -0.862337907981227, 0.81892240766126, 0.712841145074838, 0.772406993790568, 1.61212911222846, -0.0536791635665912, 0.353286226990014, -1.11842202467742, 0.665596794061237, -0.684766450838225, 1.77033180109665, 0.202825221944897, -0.645275891079024, -0.312930846313089, -0.914888342888481, 0.135212848655888, -1.68726173564291, 1.53012293082463, -2.31239219836052, -0.898768650701074, -0.188994628424632, 0.612134618809138, -1.79124740029436, 0.71556930788451, 1.0705898618711, -0.717294508509142, 0.468123514864102, 1.76118535574446, -1.01337560187158, 0.684519050867285, 1.03392813281203, 0.320696940076006, 0.307491229311421, 0.301521708126905, 1.3162234215534, -1.53938247297695, -1.35366300098244, -0.407206803448958, -2.26297614153276, -0.131385192478343, 0.172596621103459, 1.3256960027663, 2.13693334862276, -0.236171130891759, -0.214161674654032, 0.346759515191309, 0.989701796279352, -0.345888655582514, -0.641102221860203, -1.81133319510264, -0.713384438840801, 1.79699252122266, -0.295845578974225, 0.315303558996259, 0.295664699590691, 0.963399159504256, 0.280743297586421, 0.482154613023804, 1.06301373903987, 0.0148805419091277, 0.235988144390884, -0.171117923424941, 2.44127763950669, -0.462476431613801, -0.931361455680863, 0.415559776610445, -0.689886426784827, 0.541341032330506, -0.155172420165637, 0.320859270150932, -0.544372099803079, 1.4216209135814, 0.304217165025413, 0.679209287860387, 1.22043353252858, 0.189549921755531, 0.615279175968537, 0.311437495242397, -0.788880695485419, -0.548644064194981, 0.475875975097806, 0.929807167598761, -0.911626984955951, -1.14787763636017, 0.439707295887802, -0.683214568788802, -0.4878828153975, 0.823591907994488, -0.728950520422344, 0.0257651016960556, -0.84107716053273, 0.421770251285755, -1.92766333175386, 0.210050025783857, -0.434005455411748, -0.794240730744747, -0.189396228726338, -0.374318774261688, -0.382135431701376, 1.36269394125176, -2.28722310544948, 0.292314438274512, 1.07042239701432, -0.213595313078237, -0.114102693034466, -0.105116745577176, 0.597094481852473, 0.507761104732552, -1.31690972338144, 2.05646202819678, 1.15686419949471, -0.958146302683, 0.578080780732823, -0.533653982366071, -0.0688512399310165, 0.896071072426707, 1.80479925601143, -0.319864066472489, 0.492556561320402, -0.0657018250595242, 0.35679604610805, -0.397878636796911, 1.51859105848765, 1.08783764201918, 0.148469140878328, -0.162436192583925, 0.727309873065204, 0.38056010713725, 1.8559673905087, 1.03766480462144, -1.10467074998709, -1.97255332060287, 0.194331628722558, 0.577875283757058, 0.0302559497501033, 0.0250357199581557, 0.160175699826734, -1.41828714700705, 0.124368405657531, -0.683190925019489, -0.447848692911197, -0.435083075250161, -0.460404294353921, 0.760690083781826, -1.80234348056641, -0.492279794601817, 0.572948530523437, 0.881522590721748, 0.19443853476963, -0.780590034982958, -0.350881879409532, 0.0194018665157179, -0.0939854153352948, -0.136854609331874, -0.578104779320664, 2.47308607118271, 1.01652292328644, -0.0396880731458829, 0.294441375924432, -1.21848918007024, 1.6090133851688, -0.0159719986775116, 0.814330837879579, 1.2276696531455, -1.51312383025278, 0.540139907856565, -0.875979517845647, 1.37450932923287, -0.923555241764389, 0.60445006129846, 0.510892913281324, -0.576183678295767, -1.81591284695023, -0.581003029057767, 0.456575790490226, -0.437967034873742, 0.467255227743954, 0.262931805446704, -0.516885639403861, -0.808156455669867, 1.19582690422427, -0.285978558859997, -1.34373208901912, 0.580553950349727, 0.557420340247859, 1.68429813647507, -0.992627731504399, -2.50170523370453, -0.879618496286617, -1.55395584582222, -0.372522461268985, 1.25539607150699, -0.569325422491252, -1.09330641440955, -0.154490327036435, 1.92772229358981, -0.17197235602536, -0.319933736407586, 1.03440551459861, 0.227189793075407, 0.787118800605842, 0.257403281921782, 1.81290144147773, -0.534336571945683, -0.745917024845804, -2.16886014476245, -0.863350560136897, 0.149969494805563, -0.749120222411779, -2.50723546120178, 0.325566434567101, 0.711788031740706, -0.674864835175705, -0.72760025335182, 0.48119348886501, 0.223733748356171, -2.12324750555469, -0.753887784449284, 2.16094397062507, -0.856971191993869, -1.54031083795868, 0.260837175634427, -1.96573068553763, -2.03791241092669, 1.69069942296628, -0.872616599867616, -0.907795187055982, 0.151348652419887, -0.224407316728758, 0.511416706933589, -0.122046982453104, -0.657235966135422, -0.810609735504991, 1.25227490062631, -1.16673314399351, -0.766319112980479, 1.29155055011297, 0.17479798891518, 1.51097706978184, -0.680808305073932, -0.752612814138089, 0.220488407824588, 0.39118684258253, 0.615896392437193, -1.00541386954709, 0.400788039993284, 0.551738382270691, -0.759950226289375, 1.14432023082867, -0.550081450314421, 0.882132752067733, 0.285088736435931, 1.4563515934028, 0.925015482058282, -1.49416608232221, 1.23177913922944, 2.49359930558542, 0.440692905781633, -0.247942173778393, 0.679079327923851, -0.632742436473458, 0.663787909092417, 0.613227719934187, 0.342735345042409, 1.06402637774845, -0.597292287285947, 0.0181764241746733, -0.482613605176505, 1.40614285896951, 0.114936326492302, 0.230411770958817, -0.00855597145337895, 0.0279072596845, 0.106551626438711, -1.22610114763573, -0.912645523621733, 0.689715598083136, -0.927467222609779, 0.918418817535421, 0.164473535044512, -0.623554359490067, 1.8970031531932, 0.653243799528187, -0.69479228989087, -0.367535676079665, 0.61952671822493, -2.36603987721122, -1.09618533568731, 2.82612055482453, -0.2167837723004, -0.343300485036982, -1.3124554252379, 1.77409077980909, -0.261302979373045, 0.255269295183765, 0.513345175048083, -0.321994455213949, 0.994920289187596, -0.7503895080896, -0.852583556170036, 1.70348411356385, -1.05520345114519, 1.31218839862122, 0.827802215744872, 0.887616591774212, 0.348663440624058, 1.38200741131032, -0.108388988193751, -1.73685366427037, -0.358182119262492, 0.0296819141685831, 0.00809283467757735, -1.29111285121622, -0.90062009941997, -1.05909946554586, 0.188941501216685, -1.57642403158096, -0.381731127345308, 0.0345879880828227, -1.11469567186552, 0.109790904946955, 0.466359689430951, -0.485521338573948, -1.31920366460515, 0.874853847755298, -0.994810342724379, -0.621230481228387, 2.03376672985736, 1.32891761613787, -0.44282852158826, -0.322718795945916, 0.759237261149279, -0.203346799824459, -0.759288891145384, -0.895699057441281, 0.0311255134872413, 0.517264974129435, -0.484963046580441, 0.563278954103915, 0.634028559281322, -0.116519002503517, 0.29482125691714, 1.86644910706058, 1.2026465593903, -0.441671697465901, 0.731635245303544, -0.858424563384154, -0.765515401699253, -0.514676236795206, 1.60140374303769, 0.69518022308283, 1.2320066793513, -1.3504556570384, -0.732078600592672, 0.961343970666493, -1.15748011153934, -0.0807380646103836, -0.582465808037162, -0.618014796616567, 1.446935256743, 0.126867454633363, -0.563540833430583, -1.40994596187859, -0.0985946261512986, -0.218673739088418, 0.458514647985439, 0.50785207947735, -0.501937190646722, 1.15556146451692, 0.0365042241494458, 0.792848632206689, -0.455871444236095, 0.646824617523719, 0.109481845998921, -1.27586987419833, 1.70027364754057, -0.131495486072854, -0.49445795863077, 0.187120252372175, -0.391936724705243, 0.168522084365223, 0.753830962439772, 1.08405706693618, -0.224318241169929, -1.23793765422981, -0.066613550534261, 0.75671001210837, -0.565377052563416, 0.896766555822187, 0.537746818981057, -0.933879058957272, 1.16250486658746, 1.60934564394032, -0.772878660481879, -1.09048471807777, -0.410697180651759, 0.202644775099686, -0.993127982692405, -0.946951279803812, 1.61349733287809, 0.831461589845443, -0.898274533058345, -1.43951425207656, 0.316831412958714, -1.08772965629083, -1.47551659179443, 0.986020589322256, -0.0338827045142015, 2.14374380108704, -1.2405454901509, -0.114974195142006, -0.771459398121201, 0.979616782760799, 1.59934259079667, 0.0132395377631274, -0.141192572184459, 0.148562111714306, 1.34066570331718, -0.0857412180837557, 0.114655042599677, 1.01411635495196, -1.1014987198682, 0.113094780196448, 0.809978900206826, 0.363894844115991, -0.748515215629734, 0.340760906565581, -0.179206354992513, 2.1702872069822, 0.806195808907799, -0.203230087894506, 0.170395614872108, 1.7001489787264, 0.722678270173293, -0.301272041207942, 0.917070302783811, -0.156536486506712, -0.190215489034583, 0.931531000135348, -0.308918304062041, -0.809039618399638, -0.62432058773717, 0.372001002076634, -0.164835618475374, -1.00070357265498, 0.0436625976248351, -0.225667349837232, -1.33493888690552, -0.387150077215915, -0.252665319348866, 0.688425168075663, 0.506256575914224, -0.54576991291454, -0.398092830680387, 0.285345058630993, 0.713916491686645, 1.05767455424184, 0.732574940776999, -0.0489729057339595, -0.107193952201876, 1.29111822895796, -1.44968257918065, -0.575269782951254, -1.56847499397763, -1.34080591629511, 1.53426066723083, -0.652276578260883, -0.321392066627746, -0.0536624988703901, 0.0523501397789095, -0.0605021841168916, -0.312916145588996, -1.5689193497594, 0.787499785552802, -0.126170100859124, 0.343536050619432, 0.375363114889348, -1.01224656271886, -0.073843387031184, 0.412546937219347, -0.187453574416933, 0.924721777191639, 0.0770066461261265, -0.0452775118078975, -0.55708529754033, 0.802654930254481, 0.809187727681666, -0.229421005285751, -1.26733243383924, -0.32632771680828, 0.922497404435454, -0.12412963043544, -0.37685546374644, -1.53079259005262, -0.810644266792166, -1.62723032667611, -0.680599843827288, 0.153634879536167, -1.94099682103969, -0.175136958432483, 0.551179539036325, -0.226150949617903, 0.560580688836748, -0.757425105709654, -0.558503164199611, 0.669686421363952, 0.439376284559083, -0.0861872127760465, -1.52573000168975, -0.0380068412953007, -0.249100932736661, 0.56542122191305, 0.192577838473759, -1.74951227370052, -0.966548765083006, 1.45727000566997, -1.2662174359051, -0.395014177812152, -1.4822626069113, 2.68839776312242, 0.722673809713018, 0.0764218639724499, -0.0601661782859045, -0.300848228362033, -0.646184383228453, 0.193992636835987, -0.906110710662215, 0.258912185732118, 0.710848980381903, 1.4317768382807, -0.40007920401228, -0.300621837369362, 1.14890343440176, 0.833141752683508, -2.00810919428103, 0.0431352908690857, -1.8906779031727, -0.908207167464254, 0.871645045148886, -1.33445877910033, -1.51301836887567, 0.259713094815001, 0.0351891064880004, 0.719739362611282, -0.101014621897556, -1.16536060045863, -0.462666491287865, -1.58221465565322, 1.19901874031078, 0.381233124468704, -0.212528999402959, 0.689291242235843, -2.21944079076491, 1.16374060156312, 0.190120149100214, -0.355732590651909, 0.937758995125072, -0.0491885166217164, -0.392270266826889, -0.651753165455076, 0.729605034159096, -0.157251581197803, -0.18289512489898, 1.16305233178272, -0.219706605473618, 0.550028272870477, 0.0323303949355967, -2.04071988041963, 0.57634738387546, -1.52891852559801, 0.0998978514156178, 1.08122707801345, -1.75150487650098, 0.923825299993521, 0.241021844401616, -0.857551759715632, -0.383798487772649, 1.89221828626199, -0.0413092099063513, -2.08239626483313, -0.471393108893365, -1.19603155175988, 0.250478785193035, -0.0104973633578734, -1.1439628705464, 0.782642907944739, 1.16347649541111, -0.161858062159352, 0.822867458751248, -0.0737307388933388, 0.5545794407747, 0.1176190933647, 0.570592635265147, -0.48014798277055, -2.23921000782741, -0.0454031824288097, 0.947161450508225, -0.372623243764351, -0.640407261071579, 0.174091397590344, -0.469934210386713, -0.407300839095169, 0.452276992971982, -0.871027666891416, -1.5766850044498, 0.235206040811099, 1.83809261792428, 2.21374718565492, 0.203231826776956, 0.540481949955096, -0.906041643339134, -0.287569288134277, -0.913572325031395, -2.21285752898252, 2.02056464799997, -0.968670107385548, 0.818838021052992, -0.626074919422676, -0.591611584036847, -0.08353081897118, -1.0616658525178, 1.10029082862838, 1.87552024730857, -0.798577039216586, 0.0305296286177802, 0.233499068073497, -0.800271310917179, 0.250105754833706, 0.119341874594495, 0.0428580894690936, 0.0672213100452413, -0.239006865057441, 0.0253514904856165, -0.730524153665276, 2.76386462521861, 0.264298283946672, -0.261674475233597, -0.198058981331327, 0.604117272410636, -1.28881766915682, -0.35521851678569, -0.176582461154691, -0.741897636822825, 0.732074986894999, -0.595549218969165, 0.0530707877878552, 0.697510069120122, 1.02061984622464, 1.03490380303823, -0.423171582570897, -0.272546746251578, 0.802939169163735, -1.01076322301327, -0.130944656159987, -2.00500490285591, 0.514626748712904, 0.37340225416541, -0.338301727111616, -1.00963689120159, -0.0573292302428024, -1.09154377047056, 1.54851602093345, -1.1114154622854, -1.74452546948144, -0.709599013795784, 0.0357798771361837, -0.301527512699829, -0.820070299939834, -0.232020270039571, -0.190912145262249, -1.00056671812725, -2.40811185741223, -0.489725194209238, -0.33448495976732, 1.19402056233585, -0.221252332550492, -0.367363872504086, -0.327891080770554, 0.358328339121379, -1.1482581974061, -0.294244293931019, -0.639701100513951, 0.106272976249852, 0.142074459932436, 1.84785674686116, -1.35624247988132, 0.359513396082694, 0.195219226004517, 1.89825368048725, -0.0635155673243108, 1.15240661222803, -0.188248186457563, 1.19127312266078, 0.644291299452345, -0.153699923286619, 0.59435052621039, 0.680565495572445, -1.52417443738233, 0.187198868778606, -0.689057642106975, -1.91024233991904, -1.09086773016032, -1.33425635656947, -0.803164276509359, -1.36048437812194, 0.0536914718157357, 0.402472924213387, -2.23654691139824, -0.268969831919389, 0.135561962948242, -3.13463389043092, 0.00427874696976666, -1.15598446816599, -1.08935595428142, 1.35349068800191, -0.94166550715805, -0.936792229431068, -0.532077388465312, -1.11942799675978, -1.01514185576641, 0.560283582745592, 0.975354658327418, 0.988159052209085, -0.47405726059989, 0.13801566365099, 0.523378317366655, 0.450752390227456, 1.26036178177689, -1.03324611847141, 0.0411545122292444, -1.08924062132759, 0.197913794610756, -0.164301997376265, 1.56539730649598, 0.231022264459547, -0.0981229091822116, 0.325255013176518, 0.430072630084081, -1.70778923250571, -0.989605454820279, -0.528669805240371, -0.361127346761934, 0.192304620736924, 0.713943448749818, 0.938975625617483, -1.30170370009426, -0.704513496098088, 0.47128111369304, -0.0753812344971773, 1.7872145790754, 0.0728262105971764, -1.78747998403586, -0.450651339533654, -1.55321565545604, -1.25059625247707, 0.760125894663501, 1.22512551123329, 1.09874844712286, -0.0281714648962081, 0.381044444443997, -1.03034276176774, 0.297384682498959, -1.8075687046176, -0.949307951785286, 0.222865925847028, 0.502328147633328, -0.88170475878925, 0.090334766371567, 0.361886127268326, -0.577856330871972, -0.544588238147533, 0.993573258985054, -0.40067372843311, -0.314428815337764, -0.00947095618105086, 1.2681398826525, -0.44258980674094, -0.155885681445551, -1.14217562592143, 0.424853973273838, -1.05940552605635, -0.899959364741154, -0.25993604323694, 1.07144290424665, -0.505093712284587, -0.402931666962524, 0.301641198441077, -0.209888867056935, -2.00931714286103, 0.336866902683643, 0.405305372022479, -0.592392242098844, 1.00287301889038, -0.919655683294434, 0.367032089194887, -0.088037288617827, -1.01138390155016, 0.0566925522438769, 2.08011475016623, 0.941013295326894, 1.5524724568459, 0.0571549311427373, 0.0152199583418334, 0.538523158850613, 0.903936122318838, -0.0635167224357693, -0.827331135244363, 0.140709289601787, -0.242937513935444, 2.06417572062801, 0.453744458798866, 0.0736576315366592, 0.427216262537048, 0.677714803864753, 2.217310234518, -1.62813207478356, 0.413538986133979, 1.15130557446575, -0.745208355636852, -0.00441121328537159, 0.368562884420119, -0.585299414679996, 0.946837348133958, 0.779659438166283, 0.613145421143219, -0.502605163419837, 0.247741675254377, 0.144493154926095, -0.192533504247443, -1.69237242534771, -1.64161352137812, -0.337495467805706, 0.409706697015538, -1.10908418767121, -1.10399564457098, -0.546529118449783, -0.311144793027213, -1.89154672102435, 0.849542651325165, -0.404364435336868, 0.0613558153514726, 0.363666213516697, -0.0756618449416559, 0.507530136741942, 1.09669172235779, 0.937642145040824, 2.08847178637054, 0.435675004429312, 0.0346547942230162, 0.378119289728817, 0.933331286113902, 1.01737235350012, 0.999157522441824, 0.0665855909730918, 0.0643277920977212, 0.370677941128953, 0.226638988415073, -0.888548041885568, -0.465368786981693, -0.740647127155523, -1.18372851184381, -0.458485197677819, 1.28204340449911, -0.307865411074393, 0.0883384003034249, 2.05983980909573, -0.748789081194306, 0.558964713636402, -1.59864254917613, 0.00756895239998253, 2.04956808763811, 0.453418717801548, -2.04239354912216, 0.57286348263189, 0.814139532668665, -0.0392350482901736, -1.68338089003949, -0.705786423673436, -0.92944943715688, -1.17700553587873, -1.02437643250839, 0.678683340919147, 0.371709679480509, -0.570705782997123, 0.0510461283834206, -0.777749855572855, 1.25737516622845, 0.655366636019055, -0.325825571869555, -0.882095204314716, -0.0153227712764143, -0.296214911104582, -0.522476161367976, -0.332039698424919, -0.850034958055582, 0.247287314054716, -0.542412887710333, 1.47981191942094, 1.0978363872898, 0.549721166208898, -1.08502708866433, 0.500710443413424, 0.670911300383359, 0.756640541737746, -0.153657035731208, 0.757422130389486, 0.241869818673961, -0.563577363967475, -0.503010775115998, 0.00122595810937641, -0.36103515721172), .Dim = c(20, 200))
"n" <- 20
"p" <- 200
"rate" <- 0.2
"p_u" <- 205.369121640298


}

######################################################################################################
######################################################################################################
