######################################################################################################
######################################################################################################
#### JAGS model file written by runjags version 2.2.2-5 on 2026-03-25 19:19:11.02891 
######################################################################################################
######################################################################################################

model{
# Linear regression
for(i in 1:n){
Y[i] ~ dnorm(inprod(X[i,], beta[]), tau)
}
# Laplace spike-and-slab prior
for(j in 1:p){
cat[j] ~ dcat(c(r/2, 1-r, r/2))
slab[j] ~ dexp(rate)
beta[j] <- (cat[j] - 2) * slab[j]
}
# Prior on r, r ~ Beta(1, p^u)
r ~ dbeta(1, p_u)
}
#monitor# beta

######################################################################################################
######################################################################################################
#### Initial values 
######################################################################################################
######################################################################################################

inits{
"cat" <- c(2, 2, 2, 2, 2, 2, 2, 2, 2, 2, 2, 2, 2, 2, 2, 2, 2, 2, 2, 2, 2, 2, 2, 2, 2, 2, 2, 2, 2, 2, 2, 2, 2, 2, 2, 2, 2, 2, 2, 2, 2, 2, 2, 2, 2, 2, 2, 2, 2, 2, 2, 2, 2, 2, 2, 2, 2, 2, 2, 2, 2, 2, 2, 2, 2, 2, 2, 2, 2, 2, 2, 2, 2, 2, 2, 2, 2, 2, 2, 2, 2, 2, 2, 2, 2, 2, 2, 2, 2, 2, 2, 2, 2, 2, 2, 2, 2, 2, 2, 2, 2, 2, 2, 2, 2, 2, 2, 2, 2, 2, 2, 2, 2, 2, 2, 2, 2, 2, 2, 2, 2, 2, 2, 2, 2, 2, 2, 2, 2, 2, 2, 2, 2, 2, 2, 2, 2, 2, 2, 2, 2, 2, 2, 2, 2, 2, 2, 2, 2, 2, 2, 2, 2, 2, 2, 2, 2, 2, 2, 2, 2, 2, 2, 2, 2, 2, 2, 2, 2, 2, 2, 2, 2, 2, 2, 2, 2, 2, 2, 2, 2, 2, 2, 2, 2, 2, 2, 2, 2, 2, 2, 2, 2, 2, 2, 2, 2, 2, 2, 2)
"slab" <- c(1, 1, 1, 1, 1, 1, 1, 1, 1, 1, 1, 1, 1, 1, 1, 1, 1, 1, 1, 1, 1, 1, 1, 1, 1, 1, 1, 1, 1, 1, 1, 1, 1, 1, 1, 1, 1, 1, 1, 1, 1, 1, 1, 1, 1, 1, 1, 1, 1, 1, 1, 1, 1, 1, 1, 1, 1, 1, 1, 1, 1, 1, 1, 1, 1, 1, 1, 1, 1, 1, 1, 1, 1, 1, 1, 1, 1, 1, 1, 1, 1, 1, 1, 1, 1, 1, 1, 1, 1, 1, 1, 1, 1, 1, 1, 1, 1, 1, 1, 1, 1, 1, 1, 1, 1, 1, 1, 1, 1, 1, 1, 1, 1, 1, 1, 1, 1, 1, 1, 1, 1, 1, 1, 1, 1, 1, 1, 1, 1, 1, 1, 1, 1, 1, 1, 1, 1, 1, 1, 1, 1, 1, 1, 1, 1, 1, 1, 1, 1, 1, 1, 1, 1, 1, 1, 1, 1, 1, 1, 1, 1, 1, 1, 1, 1, 1, 1, 1, 1, 1, 1, 1, 1, 1, 1, 1, 1, 1, 1, 1, 1, 1, 1, 1, 1, 1, 1, 1, 1, 1, 1, 1, 1, 1, 1, 1, 1, 1, 1, 1)
"r" <- 0.005
".RNG.name" <- "base::Marsaglia-Multicarry"
".RNG.seed" <- 5
}

inits{
"cat" <- c(2, 2, 2, 2, 2, 2, 2, 2, 2, 2, 2, 2, 2, 2, 2, 2, 2, 2, 2, 2, 2, 2, 2, 2, 2, 2, 2, 2, 2, 2, 2, 2, 2, 2, 2, 2, 2, 2, 2, 2, 2, 2, 2, 2, 2, 2, 2, 2, 2, 2, 2, 2, 2, 2, 2, 2, 2, 2, 2, 2, 2, 2, 2, 2, 2, 2, 2, 2, 2, 2, 2, 2, 2, 2, 2, 2, 2, 2, 2, 2, 2, 2, 2, 2, 2, 2, 2, 2, 2, 2, 2, 2, 2, 2, 2, 2, 2, 2, 2, 2, 2, 2, 2, 2, 2, 2, 2, 2, 2, 2, 2, 2, 2, 2, 2, 2, 2, 2, 2, 2, 2, 2, 2, 2, 2, 2, 2, 2, 2, 2, 2, 2, 2, 2, 2, 2, 2, 2, 2, 2, 2, 2, 2, 2, 2, 2, 2, 2, 2, 2, 2, 2, 2, 2, 2, 2, 2, 2, 2, 2, 2, 2, 2, 2, 2, 2, 2, 2, 2, 2, 2, 2, 2, 2, 2, 2, 2, 2, 2, 2, 2, 2, 2, 2, 2, 2, 2, 2, 2, 2, 2, 2, 2, 2, 2, 2, 2, 2, 2, 2)
"slab" <- c(1, 1, 1, 1, 1, 1, 1, 1, 1, 1, 1, 1, 1, 1, 1, 1, 1, 1, 1, 1, 1, 1, 1, 1, 1, 1, 1, 1, 1, 1, 1, 1, 1, 1, 1, 1, 1, 1, 1, 1, 1, 1, 1, 1, 1, 1, 1, 1, 1, 1, 1, 1, 1, 1, 1, 1, 1, 1, 1, 1, 1, 1, 1, 1, 1, 1, 1, 1, 1, 1, 1, 1, 1, 1, 1, 1, 1, 1, 1, 1, 1, 1, 1, 1, 1, 1, 1, 1, 1, 1, 1, 1, 1, 1, 1, 1, 1, 1, 1, 1, 1, 1, 1, 1, 1, 1, 1, 1, 1, 1, 1, 1, 1, 1, 1, 1, 1, 1, 1, 1, 1, 1, 1, 1, 1, 1, 1, 1, 1, 1, 1, 1, 1, 1, 1, 1, 1, 1, 1, 1, 1, 1, 1, 1, 1, 1, 1, 1, 1, 1, 1, 1, 1, 1, 1, 1, 1, 1, 1, 1, 1, 1, 1, 1, 1, 1, 1, 1, 1, 1, 1, 1, 1, 1, 1, 1, 1, 1, 1, 1, 1, 1, 1, 1, 1, 1, 1, 1, 1, 1, 1, 1, 1, 1, 1, 1, 1, 1, 1, 1)
"r" <- 0.005
".RNG.name" <- "base::Marsaglia-Multicarry"
".RNG.seed" <- 6
}

inits{
"cat" <- c(2, 2, 2, 2, 2, 2, 2, 2, 2, 2, 2, 2, 2, 2, 2, 2, 2, 2, 2, 2, 2, 2, 2, 2, 2, 2, 2, 2, 2, 2, 2, 2, 2, 2, 2, 2, 2, 2, 2, 2, 2, 2, 2, 2, 2, 2, 2, 2, 2, 2, 2, 2, 2, 2, 2, 2, 2, 2, 2, 2, 2, 2, 2, 2, 2, 2, 2, 2, 2, 2, 2, 2, 2, 2, 2, 2, 2, 2, 2, 2, 2, 2, 2, 2, 2, 2, 2, 2, 2, 2, 2, 2, 2, 2, 2, 2, 2, 2, 2, 2, 2, 2, 2, 2, 2, 2, 2, 2, 2, 2, 2, 2, 2, 2, 2, 2, 2, 2, 2, 2, 2, 2, 2, 2, 2, 2, 2, 2, 2, 2, 2, 2, 2, 2, 2, 2, 2, 2, 2, 2, 2, 2, 2, 2, 2, 2, 2, 2, 2, 2, 2, 2, 2, 2, 2, 2, 2, 2, 2, 2, 2, 2, 2, 2, 2, 2, 2, 2, 2, 2, 2, 2, 2, 2, 2, 2, 2, 2, 2, 2, 2, 2, 2, 2, 2, 2, 2, 2, 2, 2, 2, 2, 2, 2, 2, 2, 2, 2, 2, 2)
"slab" <- c(1, 1, 1, 1, 1, 1, 1, 1, 1, 1, 1, 1, 1, 1, 1, 1, 1, 1, 1, 1, 1, 1, 1, 1, 1, 1, 1, 1, 1, 1, 1, 1, 1, 1, 1, 1, 1, 1, 1, 1, 1, 1, 1, 1, 1, 1, 1, 1, 1, 1, 1, 1, 1, 1, 1, 1, 1, 1, 1, 1, 1, 1, 1, 1, 1, 1, 1, 1, 1, 1, 1, 1, 1, 1, 1, 1, 1, 1, 1, 1, 1, 1, 1, 1, 1, 1, 1, 1, 1, 1, 1, 1, 1, 1, 1, 1, 1, 1, 1, 1, 1, 1, 1, 1, 1, 1, 1, 1, 1, 1, 1, 1, 1, 1, 1, 1, 1, 1, 1, 1, 1, 1, 1, 1, 1, 1, 1, 1, 1, 1, 1, 1, 1, 1, 1, 1, 1, 1, 1, 1, 1, 1, 1, 1, 1, 1, 1, 1, 1, 1, 1, 1, 1, 1, 1, 1, 1, 1, 1, 1, 1, 1, 1, 1, 1, 1, 1, 1, 1, 1, 1, 1, 1, 1, 1, 1, 1, 1, 1, 1, 1, 1, 1, 1, 1, 1, 1, 1, 1, 1, 1, 1, 1, 1, 1, 1, 1, 1, 1, 1)
"r" <- 0.005
".RNG.name" <- "base::Marsaglia-Multicarry"
".RNG.seed" <- 7
}

inits{
"cat" <- c(2, 2, 2, 2, 2, 2, 2, 2, 2, 2, 2, 2, 2, 2, 2, 2, 2, 2, 2, 2, 2, 2, 2, 2, 2, 2, 2, 2, 2, 2, 2, 2, 2, 2, 2, 2, 2, 2, 2, 2, 2, 2, 2, 2, 2, 2, 2, 2, 2, 2, 2, 2, 2, 2, 2, 2, 2, 2, 2, 2, 2, 2, 2, 2, 2, 2, 2, 2, 2, 2, 2, 2, 2, 2, 2, 2, 2, 2, 2, 2, 2, 2, 2, 2, 2, 2, 2, 2, 2, 2, 2, 2, 2, 2, 2, 2, 2, 2, 2, 2, 2, 2, 2, 2, 2, 2, 2, 2, 2, 2, 2, 2, 2, 2, 2, 2, 2, 2, 2, 2, 2, 2, 2, 2, 2, 2, 2, 2, 2, 2, 2, 2, 2, 2, 2, 2, 2, 2, 2, 2, 2, 2, 2, 2, 2, 2, 2, 2, 2, 2, 2, 2, 2, 2, 2, 2, 2, 2, 2, 2, 2, 2, 2, 2, 2, 2, 2, 2, 2, 2, 2, 2, 2, 2, 2, 2, 2, 2, 2, 2, 2, 2, 2, 2, 2, 2, 2, 2, 2, 2, 2, 2, 2, 2, 2, 2, 2, 2, 2, 2)
"slab" <- c(1, 1, 1, 1, 1, 1, 1, 1, 1, 1, 1, 1, 1, 1, 1, 1, 1, 1, 1, 1, 1, 1, 1, 1, 1, 1, 1, 1, 1, 1, 1, 1, 1, 1, 1, 1, 1, 1, 1, 1, 1, 1, 1, 1, 1, 1, 1, 1, 1, 1, 1, 1, 1, 1, 1, 1, 1, 1, 1, 1, 1, 1, 1, 1, 1, 1, 1, 1, 1, 1, 1, 1, 1, 1, 1, 1, 1, 1, 1, 1, 1, 1, 1, 1, 1, 1, 1, 1, 1, 1, 1, 1, 1, 1, 1, 1, 1, 1, 1, 1, 1, 1, 1, 1, 1, 1, 1, 1, 1, 1, 1, 1, 1, 1, 1, 1, 1, 1, 1, 1, 1, 1, 1, 1, 1, 1, 1, 1, 1, 1, 1, 1, 1, 1, 1, 1, 1, 1, 1, 1, 1, 1, 1, 1, 1, 1, 1, 1, 1, 1, 1, 1, 1, 1, 1, 1, 1, 1, 1, 1, 1, 1, 1, 1, 1, 1, 1, 1, 1, 1, 1, 1, 1, 1, 1, 1, 1, 1, 1, 1, 1, 1, 1, 1, 1, 1, 1, 1, 1, 1, 1, 1, 1, 1, 1, 1, 1, 1, 1, 1)
"r" <- 0.005
".RNG.name" <- "base::Marsaglia-Multicarry"
".RNG.seed" <- 8
}



######################################################################################################
######################################################################################################
#### Data 
######################################################################################################
######################################################################################################

data{
"Y" <- c(-8.7190969114249, -6.87136736734652, -3.33335178437583, 16.763154390265, -4.80987374793856, 20.7832775540996, 2.84987430196752, -1.47077433177705, -21.1742673357995, -0.181838080591373, -3.38192112020134, -9.75119526670566, -3.10761710932468, -1.74194138867284, -6.53831563639748, 2.55493911455144, 14.3389192923315, 7.58456207727825, 10.4308752959979, 12.6513346707736)
"X" <- structure(c(1.21266929506977, 0.0997574334550141, 0.447847582906555, 0.168533800594093, -0.439049725989161, 2.0107191134033, -0.655233655091318, -0.452737978844823, -0.823791758458419, 0.18633747000774, 0.82629156790797, 0.0721342611501931, 0.159640640825496, 0.514461731275174, -0.113667896951055, -1.42676418080407, -0.139173101551871, 0.49730065451078, -0.616922006853968, 1.51777635158024, -0.0278606296205195, -1.8913477693673, 0.0385662928419684, 0.314535899907344, 1.23243923194136, 1.008365845343, -0.34912925634177, -0.245758400649329, 1.31242751604163, 1.38690419774866, 0.176433557035358, 0.315558432143425, 0.648511692735137, -1.02054737680866, 1.60435937874334, -0.368792412732764, 2.03433666007199, 0.350298001711743, -0.349706512478496, 1.5812872833322, -1.35461247929622, -0.993608287176122, 0.595432935567546, -0.541686260447005, 0.876554749080246, -1.23311982338707, -1.4978776911748, 0.67673315909885, 0.771847456729568, 0.0559346120204918, 0.0919474078715361, 0.470216141147063, 0.103379996658887, -1.57521459547408, 0.786205177733741, 1.01197005760191, 1.44626416837439, 0.0752065110336762, 0.842736902256883, -1.9660448116745, -0.6498893696534, 0.0286128979319282, 0.196720120079592, -0.91993770290059, 0.963703584651767, -1.00070329026616, -0.997791565727652, -1.72569247208189, -0.0495024131532867, -0.606832493438561, 0.150422904605109, 0.149338502400249, -1.08572048462258, 0.330207208045623, -0.108032691783451, 0.407928831899481, 1.45397519162018, -0.41000752065075, -1.82144300736976, -0.467876403272485, -1.25025888418982, 1.17985793629935, -0.18306316036762, -0.599116720671049, -1.22789684901313, -0.715763617297358, 0.400815142635006, -0.93894805320981, -0.222132974199352, 0.332204891401545, 1.59675209165852, 1.46964144822102, -0.0655667709201024, 0.0850245901862507, -1.04164933123151, 1.24889565713115, -0.977885357494997, -1.45440143604535, -0.249340391433693, -1.742311000464, 0.183414025505373, -0.353507795943961, 1.66464913944426, 1.13591252333768, -0.0250937106975939, 1.25827926236077, 0.173607612855956, -0.010526152749106, 0.428225615377261, -2.16295998406384, 1.41808487105119, -0.506652020155911, 0.54743292198553, 1.5172415664391, -1.07633233550621, 0.240163092551261, 0.167524472766666, -1.05661556515987, -0.791085690391432, -0.0605026674728286, 1.3815761378289, -2.73662637740526, -0.185770364030334, -0.683233149630619, -0.238114969684866, -0.0148227442272251, 1.00129234341442, 1.00790583597565, -1.37306835556018, -1.39594147622568, 0.571013732296866, 1.37625366918551, -0.562082550634592, -0.0899191139829625, -2.08889749844469, -1.43857882323234, -0.885722468308109, 0.734390130675352, 0.167182239312656, 0.0878917471923585, 0.524224784588023, 0.20684901988851, -0.0861511236519128, -0.0655035481399238, -1.25491144232083, 0.204238158460699, -2.02241822852845, -1.0094966505024, 0.447632659204837, 1.12633909320017, 1.16654467786729, 1.12998969363149, -0.152524489720862, 0.529062836038784, 0.448138613835997, -0.244830084883802, -0.849198444887025, -0.644352927026705, -1.65873638304572, -0.511337666191637, -0.415240067560345, 0.108217112661855, 0.633906464460638, 0.372060422065271, -0.273938103750526, -0.022809442453343, 0.0905540068239726, -1.13061981833346, -0.31060397355959, -0.506293988298336, -1.55694644990189, 0.15862088403428, 0.33911838192029, -0.465281042657579, -0.568052021839531, -0.857395120375167, -0.889992048510148, -0.167473439352438, 0.295715647011531, -0.407137189424271, -0.757704604731746, -0.901998096893212, 0.0620913316381338, 0.510394858641165, -1.19057430323413, -0.410456033195662, -1.17258100599431, -3.2217123291431, -1.10450231503864, 1.01205047769379, -0.182778186548179, 1.1193296701012, 0.727557411855339, 0.898422559332507, -0.123581143863036, 0.701328617651384, -0.221338649522457, 0.000223498288307684, -0.326505005025194, -0.10220284971895, -0.433143172834356, 1.03579461066288, -0.380715201565554, 0.432141712952752, -0.548893806835408, -1.30979353403003, -0.483157731118174, 2.15185792462738, -1.03921592179901, -2.03729614226604, 0.0866312022275949, -0.576658652557593, -0.0936167423229537, 0.562705580039252, -1.00944998491368, 0.441768131093407, 0.323605779515453, 1.80510714454268, 0.814215963984335, -0.99623757310927, -0.228023500053968, 1.72216259756171, -0.836394166318958, -1.3273750388348, -0.187341955775108, -1.48701506183937, 0.596632503133768, 0.156559477631492, 0.181459529689955, 0.520168215315645, 0.399529655292428, -1.81779262667392, 0.0953662266227328, 0.203565216878912, 0.303114618788466, -0.212346494284095, -0.880739565604999, -0.391435993990577, -0.644767768096622, 0.223054521202629, 0.319599168217942, 1.13363730856563, -0.12879654364579, 1.13549005429044, 0.28320250949905, -0.599590752201091, 0.998157921721038, -0.0962109333686941, 0.499319303292621, 1.41251723155381, -0.570571054867557, 1.02903580274684, 1.05441047270843, 0.758535641178312, -0.671493892620075, 0.435007689563043, 0.610202630877284, -1.81909754593593, 0.749617798660724, -2.09519343245428, 0.84995368603268, 1.02142760620564, -1.15711681550401, -0.852851328804078, -1.01283681110837, -0.0336117124363653, 0.207950162636399, 1.2856199411446, -0.302571680263081, 0.213715043504645, 0.694311518367693, 1.08913242281258, 0.269571874679991, 0.107908772793787, 0.854181387069652, -0.151388691337863, 0.169576904156044, 2.21653305921446, 0.26019400023558, -0.157446375479839, -0.385093923179111, -0.837571090943977, 1.02279194384683, 0.454314851833923, -1.16919015949532, 0.55930895751407, -0.18399928596104, -0.353391533765738, 0.244623106905183, -0.183333011789623, -0.577940624937615, 0.662254643458666, 0.52074713122164, -1.0992742588783, 0.0723954465561096, -0.102931704176776, -0.377880147377803, 0.36232047014186, -1.71890593258981, 0.179758737379878, -0.613277746029301, 0.0015665697740952, -1.1789648168418, -1.9860051520892, -0.897387944248056, 0.429125625009723, -0.707684659556835, 0.0960048854989998, 1.0552236673756, 1.03789050812296, 0.605381266933391, -0.123383311010057, -0.916080933572149, 0.454650975339706, 1.14335756088835, 0.0283375521535394, -1.1124176563439, 0.686000992491523, -0.774141434112196, -0.0798542130763907, -1.44464865762932, 0.836558394984746, 1.17032831368128, -0.554645558784095, 0.55743262925221, 0.590641265481658, 0.711321948247248, 1.38310906119436, -0.758379837764695, 0.0463659099150778, -0.0426530906834886, 0.439258632888707, -0.837068366832686, 0.648780173646504, -0.617916094285671, 0.967047341549982, -0.541552698783047, 1.70404218936535, -0.706416174359518, -0.362744509009572, -0.73208571952558, -1.41292749077021, 0.360113928841093, -2.00420827066054, -1.05718220080549, -1.41862164330601, -1.54130544125103, -0.0847829977451435, 0.576183201942067, -1.3680540252774, -1.81280053865627, 0.259906109170525, -0.801760082998712, 0.801169565103046, 0.313329903359169, -0.210962938112063, 2.06669016254352, 1.04430207735784, -1.14581753673006, 0.736525751136247, -0.489791256129136, 0.540116121258553, 0.954939628132468, 0.234672555454494, 1.35228678906301, -1.01003825918475, -0.106945464259299, 1.05092274406157, 0.446985203039907, -1.22756799894702, 1.25745837336115, -0.602852313751359, 1.22525656824373, -0.475157462075103, -1.2671604131997, -1.23340087209472, 0.0168843199324835, 0.203429559172983, 0.277529006288906, 0.824285136446273, -0.896179582570101, -0.450725710317573, 0.325957759705341, 1.54901944904509, -1.00519882498841, 0.794760335361818, 1.33890698660913, -0.225084027383113, -1.81174749274467, 0.28794534916626, 0.378664187755488, -0.726441726462474, -1.81086825545688, 0.755671792536308, 1.55744987506228, 1.46618204957651, -0.400540669453781, -0.993328779819189, 0.0911409914044184, 1.03092579807473, -1.39651691966087, -2.00464976138115, -1.39167632475263, 0.014817144816739, 0.410228940749452, -0.213146991369527, -0.464004279438912, -0.599575947305716, 0.975501659165301, 0.921190747676391, -0.434921986790844, 1.72935326833767, -0.710141673179936, -0.178503473806287, 0.123491474893724, -0.428437697658707, -0.252050506014868, -0.532963098464528, -1.14754665401482, -1.94202398934976, -0.22267973164663, -0.743178670697742, -0.957606500007756, 1.55076808869676, 0.26035952317629, 2.22309904627774, -0.0275512111342077, -0.319146773000654, 0.711629265330641, -0.0492593635473346, -0.942509916273078, -2.21938471218932, -0.897758786497854, 0.484071678393901, 0.671634240678744, 0.990236898697512, -1.24102750346195, 0.659179963703256, -1.71802513448476, -0.27419228513509, -1.01405674047332, 1.4441429712995, 2.60483689041777, 1.47997403499865, 1.03598373849309, -0.736898018502627, -0.0365842461028035, -1.09849377317319, -0.153466611874301, -0.229411869332458, -2.15234554106063, -1.00051359748725, 0.764762308107895, -0.987311786471477, 0.0256661270268321, 0.944691196372295, -0.446700238016573, -1.53950732705569, -2.09051011049861, -0.484177232268203, 0.572129077277573, -0.399511161352465, -0.13570038381916, -0.448409196832607, 0.369353460326823, -1.3697453150858, -0.464035449184205, 0.28702878079699, -0.34474295798268, -0.380908702181366, -1.59728855016151, -0.856244733245152, 1.49093944876241, 1.08818323847743, -0.188785965052048, 0.0655122574456952, -0.0540265176255976, 1.21546536500964, 0.293571569903932, -1.47265465277021, 0.516383025703685, -0.103057849883108, -0.370014138405687, -1.29929102886571, 0.150649375053687, -0.307377656811094, 0.257035154690612, 0.278587328095593, -0.367366248924971, -0.168955504097047, 0.764631240479405, -0.067145879489613, -1.12249226950169, -2.33377057461373, 0.31890237754877, 1.11385389121415, 0.154484526664891, -1.16999434608386, 0.18179927943032, -0.300656615820406, 0.787440371478251, 0.79278110072953, -0.750094707202842, -1.13520683830551, 0.588941210446319, 0.22596342641019, -0.648711845820009, 1.40485731854822, -0.70979112666225, 0.140115011444455, 1.54868422023973, -1.52041880030188, -0.0266293028396728, 1.43611360716882, -1.35348784561087, -0.187479278246163, -0.311915398608065, 0.949847313101696, 0.660413762253737, -0.354652628680238, 0.544663663585412, 1.43285440288599, 1.16474947879028, 0.641180760015422, -0.278922618827348, 0.244043599079782, 0.825789100230203, 0.32750948571338, 0.584594512837839, 0.51774030536122, -0.527909538041197, -0.112776299996652, -0.496518423622499, 0.277655134693094, 1.50050203088919, -0.173217945944351, -0.214816233588503, -1.58940627094837, -0.232160225689195, 0.94090546799479, 0.543301349161644, -0.0703922557840674, -0.873687210898668, -0.731610676498987, -2.49809025256593, 0.56181828278397, 0.538472391954371, -1.4349723681292, -0.369254662794813, -0.591917058766727, -0.592201773779827, -3.02935026930894, 0.191520705135573, 0.725533593107571, -0.0618653080021349, -0.689532446344594, 1.02969472909182, -1.77410066089282, 1.75987948116691, -1.52589109106568, -0.932104698507044, -0.993404399355722, -0.275648232233432, 0.490864500156933, 0.0743460464624162, 1.90267771687538, 0.25049696697988, 0.240436360151155, 0.738579268101998, -0.267801741346263, -0.37437823007795, 0.804976661387971, 0.987119140034653, -0.798257198259964, 1.1209576483428, -0.230068683690087, 0.560441239243322, -0.771277861269047, -0.45701995843223, -3.59945840782483, 0.952787389570017, 0.368435653860451, -0.248328408280043, -1.44294089538445, 1.46965862252683, 2.01156494279042, 0.335827475624604, -1.12497012339706, -0.356896030868978, -1.4042617917695, 0.726507326175442, 0.803870249109127, 0.135440513805299, -0.237680558212501, -0.191470135864954, 0.407953038446397, -1.07205581721444, -0.699969607073877, -0.413680221477935, 0.513032547011059, 0.622750233928972, -1.06514006179081, -0.0283727211235569, -0.998671759554745, 0.151360862922533, -1.60761350458917, 0.71920759516533, 0.488758572746759, -0.402500490834331, -1.86829425245076, -0.0159884780483245, -0.234320143874495, -0.350459914549226, 0.470807468120618, 0.344002792036985, 0.623556440167753, -0.014449725132522, 0.184907169434791, -0.285070453449088, 0.45524910237198, 1.34741931211797, -1.10358879342829, -0.636356785809929, -0.979914196734958, -0.011925503718578, 0.0565608578916751, 1.31740506532996, -0.309569366573046, -0.918382333157733, -0.513594005274501, -0.728444981481083, -1.09284830223041, 0.710223157764638, -0.477745878885451, 0.488059606937399, -0.79831561845839, -0.827286190814535, 1.21737802339501, 0.605266823668683, 1.49885107406207, 0.628211547826515, -0.495875683611474, 0.471145331618659, 0.798362566736355, 0.434641953681266, 0.972235256437746, -0.425753702969983, -1.23135162256138, 0.867393311222549, 0.761107276455331, 0.427995751204814, 0.102534500064958, 1.33183711170724, -1.32455494785548, -0.516672573325728, -0.692082947600749, 0.0574822780390623, 0.838872610677391, -0.631385283079101, -0.030960419123084, 0.858668500798219, -0.118175936484962, 0.0533805029445457, -1.03400297203027, 0.113410449870271, -0.489806370899767, -1.01483219069505, -0.0740931605360251, 0.887514542761442, 1.28152763972788, 1.25497677180197, 1.602754354566, -1.03370523723302, 1.55229124932894, 0.45166899013426, -0.162797826198087, -0.762503176028532, 1.25105231755367, -0.841973767146887, 0.443486875253754, -0.58966893935579, -0.9064538725698, 0.190514033527074, -1.73661521183447, -0.161099963055274, -0.850552350224946, -0.312806936430163, 1.39713319648524, 0.111173609537553, 0.384551289425243, -1.66599076277948, -0.306064364614644, 0.383540190936155, 0.0715983035689795, -0.417498892808117, 0.993588976948016, -0.343431427605315, -0.566895122848066, 0.545867764842915, -0.794978128307092, -0.891458735965923, -0.217147206441763, 0.12346656113456, -2.3110612510296, 2.13149127109664, -0.239326981413175, 1.84961109047326, -0.791589829385781, -0.458070924713156, -0.858090182734263, 0.0407657573841802, 0.853908007449754, 0.488265524519751, -0.810678428833976, 1.86995937328902, -0.155461480169789, -0.535293094381578, 2.1248532435542, 0.154729718079767, 1.59339806351048, 0.667751556431347, 0.798845920860854, -0.032892946581805, 0.651438266325511, 2.97376570683882, -1.27073742409403, -0.69628027480484, -0.036414182122183, 1.13403636792128, -1.36419383192576, 0.873040394528271, -0.49815848015188, 0.202134102454319, -0.902599758181208, -0.237507439447655, -1.12914478027207, -0.368326299011899, -0.245476464587705, 0.0628056399824313, -0.935095873415537, 1.59860518374094, -0.519313797093006, 1.80809207526369, -1.04185418775919, 0.132960256275138, 1.89331930430509, 1.84906155350973, 0.293909832875916, -0.417623143898995, -1.51048514519973, -0.803971218742196, -0.802343324313578, -0.165914333940468, -1.58547938742674, -0.543722856572507, 0.505427176096235, -0.0444453398892875, 0.50582056210982, -1.39373140092709, 1.62072709568603, -0.696765205038081, 1.10724878619517, 0.219348159503772, -0.173145576431432, 0.226021660189831, 0.279878661045694, 1.23115434244194, -0.402328243506447, 0.444558881882856, 0.688526618867753, -0.343148395660547, 0.836616413718495, -0.116600897481189, 0.744384270262495, -1.03974120564803, -0.913216993328602, -0.399022008465159, 0.677503158244303, -1.68657159982653, -1.16976479944191, -0.220755024905458, 1.06976977214155, -1.99876667403602, 0.0357696044564104, -0.285137506676333, 0.660251982372035, 0.506468702915542, -0.839952304862455, 1.95765954848298, -0.547545273939289, 1.07682598910258, 0.380016016695977, 1.48685448833511, 0.196198422115248, -0.660217687283705, 0.386401651062415, 0.224519353688556, -1.99922829760028, 0.773289519883779, -0.0432015236893883, 1.61175806821122, 1.3481747869659, 0.835002100275702, 0.545826281969145, -0.22987937909666, -1.4942557502867, -2.0348564733971, 2.39033100395074, 0.250724370938714, -0.356369261613037, 0.979126172293387, -0.975706011121329, -1.50206807342968, 0.425543509849519, 0.266559598126125, 0.687717386950311, 2.57132212300099, 0.474273926769876, -0.96743381151131, -1.11946252148081, -0.961775022503163, -1.06205513710383, 0.947213727454295, 0.973250786703071, 0.508467784765658, 0.760375464929471, -1.77318979754621, -0.227247792657426, -0.357278235496779, 0.123473703201588, 0.100770883009339, -0.501506381237114, 0.091580701906752, -0.66716160246866, 0.227710328251996, -0.936231588859971, 0.285531958972283, 0.837678537446197, -1.74507564980156, 0.730905107078542, 0.506239110255124, -1.84648492414237, 0.807634436252845, -0.804345742058484, -1.19631700604062, -0.767465521482819, -1.0760078346924, 0.0266161913179169, 1.88763962166613, -1.16604433831492, 1.19266367915004, -0.242854050715168, -1.46008149617119, -0.344636110649266, 0.310635581551851, 1.29744814576197, -0.904741935473668, 0.320113986798305, -0.973623562632554, 1.24850683106045, -1.35020969707925, 0.451134957971511, 0.751049467102672, 0.0530670120217672, 2.40769422750314, 1.90943797645502, 0.830134561122928, -0.506316953011301, 0.000282783433642283, 0.221882324609575, -0.385424482859879, -0.970406182349405, -0.191894832615291, -0.64640671077056, -0.765955841784834, -0.067001251691315, -1.33613995818057, 0.579779255687334, 0.293373724171663, -0.575592594784862, 0.327484993490632, 1.26292508795151, -0.911901755497901, -1.03364134330027, -0.720366958716466, -0.302773432461864, -0.697579976048399, 1.21974630814978, 0.82283338914032, 1.42168543992544, -0.904927545145249, 0.755763729737409, 0.882138839933968, 0.0741261943425846, -0.873779034008594, -0.412463839977746, -1.42686595003227, 0.307726932380466, 1.28330880063744, -0.238630886374497, 0.68698267755924, -1.8101929489809, -0.263881668295438, -0.842959026262572, 0.153983952873767, 0.525442543531059, -1.31387379487569, 0.220451374390916, -1.72903376225112, 1.24050425077866, 2.11831212976983, 0.208647577230577, 0.130320538376503, -0.158393061164117, -0.8399637050708, 1.48078430378374, 1.04648495808192, -1.17663625492995, -1.44728490714303, -0.227015018705548, -1.73813943615416, -0.76477634957616, 1.92354501510366, -0.600763482708984, 0.222865216233978, 1.17611964794396, -2.11939779380924, -0.704918226981574, 0.846700264304108, 1.49356147209684, -1.01543298317061, -0.130533935634196, 0.614981966972907, 1.25832889496867, 1.10800215124903, -0.577633184214144, -0.853624736604574, 0.6319260823115, -0.169470434454444, 1.00967264254279, -0.79310174583796, 0.676101830995608, 0.455229761109971, 0.397446249278167, 2.80164900910209, -0.606115972777767, -0.883094197608419, 0.781815965229538, 0.761951196391484, -1.60537187388041, -1.33121656450077, -1.24292091481806, -0.137157167911261, 0.571874446122247, 0.864993922334307, 0.514225128074912, 1.28179545687832, -0.589954923311116, -0.702204339989465, -0.413792866904021, -0.799994110128058, -1.25112724737146, 0.484590146112878, -0.62503055449806, -0.81482932157019, 0.813862653134556, -0.648974079655804, -1.19799088927413, 0.541692361275792, -1.0954644245593, -0.966746499653978, 0.88704682461425, 0.401737522671497, 0.0879683966863991, -0.71682369727781, -2.44506309355641, 0.310816477516657, 0.465680520020198, 1.32754875743172, -0.0774781704386378, -0.412772130751367, 0.0047957271706189, -1.63738697474389, -0.976309524806002, 1.30856309298165, 1.60185765341389, -0.221141927198427, -0.629457744398282, 1.23012564363482, -1.42999347525846, -1.32735843918789, -1.19342875725535, -0.587181565469741, -1.0034524315623, -2.22435035617865, -0.0572331975498195, 0.879784742711981, -0.903324880521948, 0.774921078355147, 0.695500435623522, 0.959275130114952, 0.244886313706585, -0.222654941343556, 1.55599204560508, 0.783347127549116, 1.29693455074194, -1.14401133695158, -0.00275390262443617, 0.931325256972542, -0.794499606800573, -0.0230337967895796, -0.89671364516629, -1.21810226927979, 0.28256688198886, 1.92698554101697, -0.157544926609196, -0.170824933062587, 0.224027630258271, -1.64568906640388, -1.17782338455834, 0.230745583147123, 0.0174487517434807, -0.668112026313371, -1.93880093918247, 0.668985989233547, 0.135707330862294, -0.233534964366587, 1.90035353964087, -0.0841592765951037, 0.627115699663079, -0.714708708468042, 0.390560195571625, 0.88088798618769, 0.00580912267513108, 0.0155411123447547, -0.173017369507168, -1.14094119252429, 1.16449838256266, 0.605596542729482, 1.28018123840347, -0.751792073131797, -0.833277226247393, 0.0241056116168169, -0.76582472847015, -0.130841003344534, -1.00687480796458, -0.725644856386175, -1.12279872401117, 0.589471030318039, -0.276522490960523, -1.1347827014049, 0.27132847476298, 0.864610835329075, -0.918809733415803, -0.758828424153751, 0.510124191706438, -2.76147448588648, -0.436674622494055, -1.22841892699273, 0.347648215709634, 1.83012503106353, 1.14528189976768, -0.0623921067724916, 0.779582079124475, -0.240941770448701, -2.14454907713388, -0.219463264168863, -2.00069563981682, -0.253182468321679, -0.461476794168565, 0.222027925094877, 1.61004208643294, 0.428360545467226, -0.0660680129911959, 0.533984732800831, 0.375950238495868, 0.922441861227374, -0.524014392146267, -0.198174687127245, -0.220396469831218, -0.242187235794747, -0.267243203048288, 0.985677780028189, -0.678231212013714, -0.0162923289565535, 0.901895953603815, -0.0629720801749626, -0.363838346676189, -0.333593471954315, 1.11571494984442, -0.618173353363264, 0.283575701525874, -0.671595584538404, -1.44033905926543, -0.303976878284316, -1.27721468677594, -1.67912704286299, 1.15439367509177, -0.347223352856144, 1.97468758018379, -0.303289114220518, 1.19608837581423, 0.02776877041353, -0.811103289524745, -0.0140395760489911, 1.28644421629172, -0.668739903771204, -2.07851753608677, -0.665493214141644, 0.921029366740616, -0.53013713177657, 0.917299794460222, 1.34247988772446, -0.343151006343912, -1.15719567609921, 0.358473295500975, 0.0673358720664288, -0.396040404226015, 1.02984049342423, 1.48835056326816, -0.17952891470318, 1.78096597703861, 0.496473889444024, 0.5929939577757, 0.843655108026381, -1.97733813281161, -2.35395281731936, -1.29104008934216, -0.902010200109595, -0.792008183201228, 0.471919774873765, -0.509816869273855, -1.87522285975185, 0.335846187763048, -0.418850208404359, -1.0098019628581, -0.0771781163338031, -0.506186990213624, -1.25871632516975, 0.306594491373849, 1.53089112039197, 0.0518142435603018, -0.271388776728455, 1.58183851723439, -0.338658848774552, -0.32114514635739, -0.463920814225883, -0.239522089692206, -0.608574026798054, -1.30254219287815, 0.229072610723158, 0.950792130145193, 0.777538803276651, -1.21834117951957, 1.25739707162503, 0.86042839828175, 0.422374674781341, 0.152708608508831, -0.551948922595932, -0.219399406573429, 0.751137962676116, -1.9804205132885, 1.61764312030118, -0.982677187841461, -0.00674502153308317, 0.679280825531081, -0.998668409986665, 0.0325370746943266, -1.38840124900481, 0.139852868923066, 0.216173573640205, -0.822967470816781, -0.0117656823392052, -0.693513866985937, 0.965959031394823, 0.623946340817399, 0.692341437528549, 0.0467174994064212, 0.121103634249505, -0.321500642660284, 0.458709959301186, -1.93303189398201, -0.18239952993327, -0.602690308305899, -0.846132319722523, -0.90800291558926, -2.62994119911118, -0.299846236744172, 0.639671152046293, 1.3586123366042, -0.69292627934545, 1.09714771526258, 0.301305787886002, 0.00558207028354543, 3.37093670478445, 1.66421815344765, 0.704436538181396, 1.40300701716247, 0.458679513425925, 2.27710397375177, 0.0398082312160543, -1.28661015226686, -0.532732300260662, 0.80613379119722, -0.0408394041530701, 0.178481617662782, -2.03976703253772, 1.02316651745296, -1.4404152187738, -0.389842463152298, -0.707961072498405, -0.0301043973662518, 1.97465320225691, -0.778991975817373, -0.786899384108509, 0.906287391964446, -0.892366785512459, 0.395941828349705, 0.277663794325798, -1.79698420480037, -0.680861896313951, -0.700172756382203, 1.91901482258565, 0.890329572290881, -1.26724708621923, -0.24751906682312, -0.0320022511384713, -1.57558867447407, -0.0133254113478104, 1.25491640375869, -0.455201290358345, -0.467491969448256, 1.26703398740633, -0.937589007883014, 0.0571387944830734, -0.395156575892646, -0.443023929572108, -1.39396838635417, -0.957857485740403, -2.08471006889095, -2.41003804353388, -1.6643487504828, -0.776248401726558, 1.79257624917713, 0.894549255501909, 0.662372536851906, -0.0610563620225772, 2.69273638212476, 0.190180105490539, -1.23506542548829, 0.610883117553222, -0.193582031054015, -0.347598534238826, 0.301271047319666, 0.301788765048385, -0.906287765417376, -0.684196611117682, 1.47534258206028, 1.12537391754471, -0.379755898036681, -1.46254582184653, 0.658811538563559, 0.711852048784707, 1.48750408636365, 0.346631597857341, -0.274839817628254, 1.31139206915994, -0.715179488206858, -0.516686154056921, -0.991192163248976, 0.766269291226013, -0.989906400726116, -1.07457087918759, 0.587772821477671, -0.17678665894322, -1.01111566498256, -1.00947915090395, 0.388575794472627, 0.705105670600757, -0.429588941708548, 0.625400242515648, -0.34346199503345, -0.64153268184355, -0.0996280478960706, -0.444120845895795, -0.974675123182934, -1.68418141517719, -0.291375358661244, 1.85926169676592, -0.140765405088943, -0.601092357262817, -1.29546722422363, 0.880919240056321, -0.534836276949373, 0.919143655360954, 0.150284486835811, 0.0285419173553134, -0.116512588632088, -0.113056754203707, -0.570393731612688, -0.440568446890483, 0.0623040311030494, -0.0121219068095955, -2.02052863626406, 0.271602389982868, 0.244831283645186, -1.24032422161408, 0.0672609318282449, 0.63682447495015, -0.930124565000007, -0.495459836382705, -0.596583803462855, 1.20041199068982, 1.06658432836751, -0.232468121806068, 0.104949877104073, 1.58290583747682, 0.11368647558808, 0.339836605223316, 0.42925139258249, -0.17524142088671, -0.724078568453337, 0.889222949237251, 1.04096272271434, -2.22815083585251, -0.404549960433823, -1.6924479780665, -2.01932475253842, -0.99022589878544, 0.958859649180398, -1.06684020751351, -1.03025941985094, -1.23582301428238, 0.46851710837082, 0.746973840238806, 2.23174931974303, 1.16949482658424, -0.586380550581839, 1.67586063386074, 0.629406192139572, 1.11263678477088, 0.185743438653843, 0.0408971830430815, 0.266139349716181, -1.28205151017066, 0.492393568637315, -0.291560129500625, -0.387831446200759, 0.838990065887423, -0.0762902047936091, 0.125261855167064, 1.9531128280882, 0.197203089471875, -0.721841434818488, 0.412084261351232, -0.688438855227775, 1.24095181744864, -0.337490627003002, -0.465646165404713, 1.72810464793933, 0.159744754159912, -0.0476769134882202, -0.470820084952316, 1.37744508236256, 0.285860902546044, -0.452948634466898, -1.62287545298606, 0.321907003619726, -1.27984791461377, -0.421821406634893, 0.743604422081383, -0.812712233154493, 0.817246515922341, 1.36989698454323, -0.832650154630718, -1.69864530923323, 2.00832275100872, 0.389689393854712, -0.580960766999246, -0.345244405689992, 1.05148343850765, 0.824481194103072, 1.50893658800334, -0.911570996900337, -0.613308419424242, 1.79918553695479, 2.93867976833843, -0.506492632388805, -1.41528266825623, 0.666791912514553, 1.68197698471045, -1.21512914716939, 1.44378681835884, 1.18523401908, 1.27754572038163, -0.181145763933065, 0.157260715335392, -2.34384058246104, 0.220280140041031, 0.0958875685888775, -0.462067694734776, 0.498325900691459, -1.14287858701075, 1.68163542488554, -0.590029441330922, 1.11282995092942, 0.811512047844017, 1.4719574551188, -1.61910758653805, -1.23119988770703, -1.2273314607245, 1.20825014943993, -1.89681589893796, -0.967239814374607, 0.852756471485351, 0.109797407664226, -0.0357493497740611, 0.422277876560879, 0.164411244721309, 0.734459757075493, -1.37891346732505, 0.142900039091791, 1.10369960605038, 0.126732653566831, 0.159663398695387, -0.00233221511128004, 0.709560290830993, 1.3039879069311, 0.38409763785852, 2.02479253328767, 0.842968561073092, 0.465405872488376, 0.59193755004166, 0.222246324522652, -0.687016117091158, 0.0727771033909208, -1.72807381254978, -0.695932253106191, 0.163383104323845, -0.234089722703807, 1.95383272010652, -0.509707242491591, -0.0107100303882348, 0.730000528823193, -1.96333856508727, 0.737369402648187, -0.337728104435572, 0.480830761463625, -0.985750441773777, -2.7323802214328, -1.09898930539331, -0.161093797253416, -0.67037698005025, -1.30412406714996, -1.01551756562135, -1.07176962416624, 0.552477539130287, -0.402662973498732, -0.663052239055235, 0.447834500482727, -0.826393662646813, -0.0594290082953929, -1.70596868347958, 0.796411879037091, -0.918646409633247, 1.22943795293636, 0.365728964740651, -1.13596427622174, 0.671167072223839, -1.25987887564535, 0.885100867516226, -2.55841702863561, -1.223366880778, -0.74563785739059, -1.01003931431098, -1.28144208020163, -0.289241642927264, -1.12429812706256, -0.19936624928287, 0.268066794920953, 0.192453019078094, 1.04332298179769, -0.820631755871045, 0.20505816861987, -0.0581946353058306, 0.506405619838176, -1.84667780276441, 1.42453568127574, 1.6222085326133, 0.0440809134981958, -1.23366216961165, 0.957732914848383, -0.606314651686289, 1.42150088522798, 1.95617098386464, -0.770729070454728, -0.129188586138492, -2.18893857697927, 0.280558544792609, -0.0853942486058649, -1.53796095842902, 0.7239677806262, -0.266949812742365, 0.0368229037752478, -1.10590013374575, 1.18979947364395, -0.128737275217041, 0.860496750370254, -0.944320079160188, 0.887979396738809, 0.343597731441279, 0.413301813831398, 0.165483579424554, -1.81082603456315, -0.207210760549612, -0.0928336236756715, 0.213384018819508, -0.212288051096543, -1.17947400260977, -0.669534874282169, 1.24098105300013, 3.00793876848527, 0.0679174728083566, 0.589119638146111, -0.00632297173342109, -0.573389386602354, 0.153552608018315, 0.279793605835328, 0.323806748575665, 0.395368319306491, 0.640362704112217, -0.908952447333646, -0.227315691268731, -2.29575266913198, -0.169483762974463, 1.29739390477233, -0.256496916431061, -0.863117874482837, -0.145271967201361, -0.00809418062395033, -0.213551506116382, 0.978032138827839, -0.685150398803493, 0.829524232804095, -0.232136080285042, 0.342644159213977, -1.34278661488948, 0.309015374256225, 0.285074752506274, 0.0201101961327514, 0.192805277406973, -0.566207577808913, 0.586398496446564, 0.552923385665573, -0.75008729377527, 1.54842609021936, -0.697528168597752, -0.671960495878011, -1.84266542397886, -0.948516173871471, 0.958622864286411, -0.134875557688975, 0.464069162028577, 1.61440171224256, -1.26724379073713, -0.123525762465909, 0.273580628487125, -2.22572524533689, -1.44633854747952, -0.889931413680923, 0.980670289904127, -0.177386691447217, -2.27103283910306, -0.00872670201056682, -1.34968576334843, -1.13730357375185, -0.538542387755667, -0.399459421368516, 0.959871737464117, 0.583682534390205, 0.525299177357288, 2.11254665858165, 0.370797742896054, -1.44584900349708, -0.332677800770853, 0.392239432689882, -0.246941377766594, -0.37246512510528, 1.27512440956661, 1.00422189883359, 0.396152139227845, 0.252279547070547, 0.574351573263959, -0.286348606736765, 0.567466566247712, 2.6192133542152, -1.14083639599142, 0.781096346237436, -1.09925446521164, -1.34179298276885, 0.192340372283514, 0.0395479054025324, 0.220453608654307, -0.239943508877518, -1.62168705103545, 0.658254646584354, 0.223483724537439, 0.256620152461064, 0.320888363558238, 1.13653117328434, -0.966827068583998, 0.421709108220897, -2.16305834359807, -0.0222235131358415, -0.28455218972973, 0.0661195764855801, -0.408039644234458, 1.02162236847024, -1.2451829874012, 0.572230760317218, -0.0263669587859404, -1.61294440619973, 0.509801700143464, -0.303031865676106, 0.174472049336406, -0.984785193086324, -1.94235064565013, 0.393099333136824, -0.70287491376877, -1.09599543633626, 1.7827365078982, 0.180264315668008, 0.963770024943827, 0.472862274259877, 0.143976054555498, 1.80042420958997, 1.26884239683573, -0.0883591519861582, -0.0408029210450474, -0.330958445791244, -0.99943634932246, -0.0245833347322062, 2.43940601582902, -2.641511832357, 1.12472823716167, -0.0399719023279086, -0.64668409523324, 0.258424156162993, 2.56274693890894, -0.523180608763392, -1.22239302221432, -0.355160578588246, -1.70233975189594, 0.739427501273684, 1.51190128745497, 0.0613167385519115, -0.135260921899158, 1.8352706149249, 0.191750466942224, 0.758166727735442, 1.68444247527854, 0.42927880938694, 0.590966878992169, -0.5228781696337, 0.415533977168052, 0.301242215199718, -1.18726077699286, 1.86829322832199, 1.62198375571365, 0.407246220820194, 0.54878228484231, 0.255645997008355, -0.350912711210984, -2.5832478284415, 0.969871012249169, 0.478135522313639, 0.00223724371101308, -0.738570320840152, 0.746436074924567, 1.75003126537375, 0.81160816437622, -2.43323784981822, -0.669308362621772, 1.22151848062154, -0.222019854435682, -1.21075657348037, 0.485237668460092, -1.2578152735133, -1.6848171268732, 0.710907474432317, 0.23949425446344, 1.84781283360381, 1.29212916497396, 0.76662122469883, -0.205426884707736, 0.969841976946099, -0.820193326105534, -0.820695489936698, -0.946923418880985, 1.4113930471521, 0.2940020760701, 1.80999654952891, -1.87851531052183, 0.0396841430149484, -2.14582098531046, 2.44853622958007, 0.0691312267953745, 0.594116815200138, -0.156417338598617, 0.586254742893338, -1.65165384448843, -0.607117727455833, 0.855344308722234, -0.434467121818606, 1.23457992313561, -0.205778218079207, 0.750522952993686, 0.617493165916618, -0.84845495178518, 1.30361767184108, 0.072689565195334, 2.34111073861697, -1.25104638023035, -0.101314689061786, -0.493705945989088, 0.738179005331229, -0.938803299962588, 1.50579921089251, -2.08016995855318, -0.873849508281345, -1.22786617963, -2.88080024887705, -1.3692756847424, 0.6112368483628, -0.147903356973597, 0.941919661613823, -0.317206792502353, -0.994311935411009, -0.296342283274277, -0.931412519863958, -0.739318442033703, -0.40963851516153, 0.921711985877409, 0.466064357764891, 0.243904803917198, 1.56587562292219, -1.65880540037741, 2.87724451061546, -0.89198830904307, -1.67231757936264, -0.491568226918451, -0.859353421196054, -0.0538425393880225, -0.925583842701905, 2.38703214254103, 0.171115631216462, -0.0465284033706901, -0.755618312270139, 0.500059599244467, 0.567496039731757, 0.267190483512388, 0.642728428101569, -1.00938830973625, -0.13089302068919, -0.0140722454791838, 0.598967080968334, -0.93924556885067, -1.36539695180212, 0.637774885274692, -0.0838592213366066, -0.732680978530635, 0.166922188067715, 1.62609410197684, 2.26853239320629, 1.16009839507156, -0.19891024442473, -0.494741234536017, -0.279679663166961, -0.833860289818401, 0.244733865478867, -1.87928102171143, 0.601109825643423, 0.0359735741162502, 0.0374080679259584, -0.795076863827854, 0.69080803478693, -1.91810994053109, 1.31110234067595, 0.0270928558914698, -0.781662621627398, 0.466466300186553, -0.0360860061114923, 1.45536599028026, -1.75122097047283, -0.193840671060367, -0.0941987572209895, -0.323879193565684, -0.173660450221574, -0.0154768776735093, -0.738307464350433, 1.67097562924245, -1.85154818090526, 0.284279354769277, -0.0418739284138913, -1.34479887302878, -0.488550973534427, 1.38214363767547, 0.177921457985044, -0.764230258886502, -1.79981609334379, -0.876184823863214, 0.487237879065982, -0.764277590131807, -1.90210336892876, 1.97526077810593, -0.587869545843818, -1.14022380050892, 1.25347321069086, 0.317835821004922, 0.517927347271754, -0.229544955143044, -0.543459527471963, 0.511971207483421, -2.10104936832869, 0.0419627075351639, -0.210937354269794, 0.0276285557463309, 0.956032236303716, -2.3526907056775, -1.26973967768924, -0.169246624481781, 1.19641434943342, -0.0873143702080833, -0.0263573596580843, -1.16303810376324, 1.70869033684885, 0.607941493392117, 0.433155866347843, -0.31088887163881, -0.156189281729882, -0.507574048196689, 0.855443930390415, -0.845094642582482, 0.515593722615623, -0.740288792343506, -0.765688012967879, -1.55125345279391, -1.0483597648758, 0.909163332342259, 0.019442587243577, 0.960307609351751, -1.51030265977584, 0.86745812435589, -1.98377853938932, 0.941224624201698, -1.0732202151016, 0.564870445209503, -2.05408799260584, 0.816288780167771, -0.491123977262765, 0.760950413250951, -0.238234129257341, -0.52270406452216, 0.830994168499852, 0.281585839029684, -1.54467606511834, 0.00867873981118178, 0.662790361772291, -0.138770131732748, -2.45189413313193, 0.664318254289347, -0.574125119533383, 1.57732894502192, 0.871230775898982, 0.110594709406988, -1.11657669956805, -1.86240556827131, 0.207128307277869, -1.22087638864459, -0.77109345353935, 0.897881643783678, 0.193338325278508, 1.42974044868781, 0.558772370996053, -0.794724732632269, -0.617919378895447, -0.799432479056449, 1.84532432856827, -1.54671359334679, 0.763723623917629, 1.35306985759384, 0.448607670029249, 1.7192556221114, -0.883135248855255, -0.612786529662061, -2.33129336329592, -0.28543700460231, -0.170960133977765, -0.012997397850685, -1.33843970028409, 0.93107776657007, 0.023075808279333, 0.489936084288901, 0.679733651984527, -1.58614437171195, -0.793895882629445, 0.00151731341131891, -0.43372140088129, -0.402100026548991, 0.174023339613024, -0.982350329453354, 0.877230429692511, -1.09416231907032, -0.247646516959961, 0.290536910908818, -0.938575351680218, 0.715081804725633, 1.62003423775796, -1.03349748918517, -1.03961695423503, 0.600129421957425, -1.62822495253371, -0.175716565901542, 0.772348954078808, 1.00725973413028, 1.48878977456268, -0.324481639152931, 0.966456350835594, 0.578306032710107, 0.537314366346401, 2.61382571620925, -1.22226916434388, -0.613549693067025, -1.63311478306221, -0.241545849813153, -2.25929651757464, 1.09409685651525, 0.517893057743638, 0.661259892922968, -0.455446324504054, 1.07383495868429, -0.309426267048867, 1.10184260174108, -0.830532215151163, 1.46094542856846, 0.829316943697083, 2.25864680303628, 1.98492851679161, 0.782008271348074, -1.61177307039683, -1.26827987384342, 0.0244893872710871, -0.371686876222224, -0.108770670631866, -1.40857942140644, 1.2415967872429, 0.175778862494913, 0.341174799525277, -1.44306710580554, 0.673530317457086, 0.338373540251777, 1.15842815696277, 0.527151717226451, -0.235195331664752, -0.508413663389528, 1.90439500988711, -0.251497842466498, 0.322735315680499, 1.40920466437204, -1.13789126306431, 1.7382890213665, -0.376860448510447, -1.47893097990386, 2.42346159142831, 0.426311632260284, -0.251468904355786, 0.345467404036061, 0.391409677111204, 0.312030958157303, 1.60596118265364, 0.429034798182478, 0.563409463441246, 1.07137111488922, 0.941910066046688, -0.987416181597014, -0.800930576102179, -0.416662956382007, 1.17202231787139, 1.9883319016077, 0.0412930592182771, -1.13193113006043, -0.396128340995571, 0.796188183962695, -0.21104002173759, -0.384890413886103, -1.10305885564601, 1.19994068589393, 0.471497961169628, -1.70948220778066, -1.13573187091273, 0.775403845855352, -1.1507340668976, 0.161392374552098, 1.03044769052176, 1.08777925742846, 0.917924909770001, -0.708418619810391, 1.37056941442471, 1.03824910151423, -0.288239532853842, -0.125687127983879, -0.118364984088302, -0.136971003411569, 1.60967722917568, -0.289746259311871, -1.57872372093529, 0.231448340561505, -1.18061908702153, 0.897209909619082, 2.97394863262568, 0.824790115687011, -1.43699591256231, 0.660567219462585, -0.373504930314565, -0.537025534440338, 1.06802146535942, 1.30954740829239, -1.17500568686359, 0.166307090365768, 0.377975108853265, -1.47150253215733, 0.0279851999174087, -1.70367116911788, -1.60833034607881, -0.476178743812015, 1.17163865263858, -0.356111683164726, -0.11603278190175, 0.148184652990812, -0.82459844609116, 0.612415049450451, -0.165149189572981, 1.64652478502873, -0.947732576644613, 0.723967590606673, 0.324953037433869, -0.183353153945927, -0.0933111248877067, 1.73773722452737, 0.0681793488967951, -0.930896718737296, -1.75971616944559, -2.13349406941935, 0.475188465815749, 0.556247003753313, 0.85161238668199, -0.786886560915897, -1.07443839770142, 0.471160846461617, 0.427620650893975, -0.302631148574005, -0.721385503161189, -1.62124794518371, 0.111763390452678, 0.296033307298599, 1.66982407355961, -1.55701629951087, 0.942952613882095, 0.443903726933394, 0.340353900832646, -1.1959026547165, -0.48130982236974, -1.18736756157994, 1.0625563643091, 0.122206439464777, 1.5685475330502, -0.965656277317775, -0.698607135431488, 0.353236845105193, -1.29018984563722, -1.15575049158884, 0.314325884547303, 0.0900900479644352, -0.03377944845834, -0.222694829346163, 0.982309367006482, -0.0709442061466591, -0.802455630159417, 1.25026945225864, -0.0863875024946091, -1.0662569538293, 0.554843663925714, -0.774557824470776, 0.394417744652291, -0.652221119302437, -1.01906968441544, -0.691932699582948, -1.41284562433024, -0.431888772371328, -1.25108773979917, -0.536484499513707, -1.01719065779506, -0.256395264607871, 1.93097440769832, 1.00450636290495, 0.538181439809219, 0.502380792992014, -0.502871584384648, 0.518323972257074, -0.584401169767051, 0.682405078208935, -0.808689710207161, -0.68318548638288, -0.581783989916828, -1.52195629075855, 0.168491931001252, -0.211596235675872, 0.144308905189927, -0.238964152623522, -0.0957631155986093, -0.282216889763108, -0.541783777459623, 0.893693039972358, 1.39498702954527, -0.388232583069327, -0.177684311628307, 0.352629535649313, 1.0770795392644, 0.39701279451219, -0.0918436881904866, -1.26464150216554, -0.0630497054294398, 0.764548196758264, 0.800220123853341, 2.06411217587637, -0.835709919639996, -0.520949536456357, 0.198226673843435, 0.402667238784456, 1.14495805664577, 0.45261197603066, -1.14901306981369, 1.22380103589871, -0.236976151113419, 1.76703665227379, 0.379672359068035, -3.23175632249401, 1.07910038079806, -2.2026022419853, -0.273922297741648, 0.700818597024801, -1.09290427091859, 0.994106292151895, 0.207182862995502, 0.405043383061428, 1.22675562571123, 0.275416589969994, -1.29395904319246, -1.78441957399055, -0.192774493813215, 0.662617825078436, -1.34135067464174, -1.5042861270977, -0.402387216641073, 0.275395350420102, 0.809586088308681, -1.35936963275669, 1.6336686690343, -0.445546451747102, -0.891318512670007, -0.396574552191906, 0.0470862625097745, -1.22356913085247, -0.203608119055454, -0.807686453088396, -1.10369125220691, 0.687641703401342, -0.352052031829634, -1.02666798427002, 1.71800421930241, -0.208708243695762, 0.419780839458874, -0.923205863342012, -0.607146046374576, -0.745255638621349, -1.03826669606453, -1.17472852058291, -1.2070139183782, -0.1957940123346, 0.357059153565158, -1.23610759600361, -1.28508953260622, 0.743297028946995, 0.478039424913332, 0.373045549200954, -1.89872941500769, 0.460354238069722, -0.0646614367091044, -0.0174324014234882, -0.0654584318409965, 1.26874945712182, 1.71157988435279, -0.33429707040232, -0.742264870798161, 1.34949403190235, -2.00930091135764, -0.191144842704409, -0.377035723994703, 1.63264646108534, 0.175945138384829, -0.220209006291546, -1.52049564988059, -0.131148322608402, 1.10515905678882, 0.135680839197243, -0.183876791894069, -1.14501061999543, -0.0541743637930805, -0.0871222813222329, 0.806759191161234, 1.39734207713321, -1.11066289894527, -1.30182552761867, -1.243966241302, -0.0230865680537903, -0.0582007685457823, -0.843006617969312, -0.344718871371584, -1.31663354448012, 0.587686675355864, 3.58026667832112, 0.969616953700046, 1.21908812269934, -0.587367150831728, 0.707478418278445, 1.27870714583386, -0.497110299861608, -1.40992867747191, 0.530094413200631, 0.797738251125489, -0.26930666251751, 1.22430849277618, -0.106377759174874, 0.40494743273687, 0.560004358580458, -0.280221735644537, 1.0690843744324, -0.18003396195649, 0.884165394475054, -0.49333719178471, -0.536179683642965, 0.676039815420189, -1.22430791138229, -0.905209363362412, -0.126232101029869, 1.72840223427115, -0.107756103422293, -1.45973799809017, 0.193357214406939, 0.294555378137339, -0.385175355643429, -0.0833688190990366, 1.52677370785635, -0.511514200691474, -2.30259470142635, -0.246250457831163, -0.634926740576419, 1.35039194036839, 1.20125798232369, 1.69988944172454, -0.913131425169799, -0.00168848916085594, 0.325046679275773, 0.183370567437756, -0.229212289242971, 0.0910810532428927, -1.14631452715508, 0.539431754077964, 0.465999895166916, 0.609603779213235, -0.0113303839490202, 1.57994994945026, -0.426477444914414, -0.0925507060053786, 0.864353384404912, 0.30803026388388, -0.923794981369607, 0.0786867572359037, -0.176393321872732, 1.01892838606184, 0.166353826912564, -2.27777899082137, -0.516761638110965, -1.19249369454195, -2.83815581880645, -1.46409688933965, -1.36774347365515, 2.06467136563111, -1.69424149230698, -1.08126524085236, 0.345015217903591, -0.681395551213218, 1.2444966932927, -0.641652850629171, 1.76497181236682, -0.00101138368869369, -0.763067569504945, -1.06330939142389, 0.707670232727202, -1.3962936732587, -0.356033179909292, 0.307984837512765, 0.177773167910831, -0.0583716251807256, -1.38550884457598, -1.13566848996302, 1.77749456012731, 1.53064351514163, 0.609776388505723, 0.859609779016828, -0.709956847637956, 0.513053422925423, 0.824639189828098, -0.838750232382783, -0.720854447410824, 0.463152466756752, 0.0943718423427621, -1.51804850999767, 0.653380379484646, 1.81417933478489, -0.190120484941804, -0.517674186181075, -0.010481656958705, 0.93077314347031, -0.481567555090654, -0.771739803188425, -1.0406276820024, 0.602729906823982, 0.941948345971957, -0.108041903174224, 0.82223287960332, 3.10602937125299, 1.77100299892308, 0.729160991413198, -0.420389333710528, -0.00355727926792047, 1.35577854028029, -1.84906289910222, -0.238831628028393, 1.67703726494249, 0.035715061135167, -0.100420026937678, 0.147466315707454, 0.573948019737418, 0.232490463280188, -1.16246036405666, -0.632644159558635, 1.36399841654389, -0.227151086744944, -1.77508131197452, -0.398665982477035, 0.56905314084107, 0.675087179213707, -0.246634988130622, -0.610454008480228, 0.164355178635403, -0.963263494242559, -0.558146776487867, 0.930313110175822, -0.297315017207116, -0.557885176865337, -1.83701354214905, 1.47772073295364, 0.9982589601161, -0.903462604218493, -0.437632671086423, -0.497636393019331, -0.0200866902213664, -0.163860439229488, 1.9330766593283, -0.174537614262033, -0.485905556461594, 0.458276637215793, 0.340207594273206, 1.30457515213012, 0.305362033448308, 0.264779886896338, 0.455545352320277, -1.30867573448565, 0.546451520300324, -0.275396152021435, -0.972482217418164, 1.28902784457742, 0.691376050441423, 1.04059100507782, -1.1453939386459, -0.509105058564166, 0.110099983286183, 0.504750728044159, 1.86586569482832, 2.42431584938968, -0.598132966974904, -1.454658050712, -0.5841542944408, 1.76937845614484, -2.11184925027618, -0.58277941730722, 0.633721898313715, 0.977378549667659, -1.33885576587035, 0.374592802040834, 0.108328701351454, -1.13657056012623, -0.159187903402101, -0.205259873881159, -1.21209125432408, 0.129001235709138, -0.204377603289811, -1.08243772063053, 0.325986464258338, 0.358129026824795, 0.615000921025964, -1.04273305841073, 0.234036783579494, -0.35064289284329, 2.29205985382485, 0.113162929209387, 0.0534366424370068, -1.57875033426209, -0.694303049095825, -0.498591253986606, -1.42867092493511, 0.467435386395226, 0.485092238719103, 0.565020482229747, 1.14237241862546, -0.641837104700009, -0.810223299362308, 0.401475786318673, 0.159251721657833, -0.433871933265501, 0.299136787949293, 0.909063483599123, 1.31713648954571, 0.915451509164373, -0.175273456756682, 0.0693297087930049, 1.18769474053267, 0.328390362358063, 0.546587806851272, 1.53418551757262, -0.429365806362694, -1.42133474832936, -0.646854473866978, -0.282793889711908, -0.682480226216866, -1.22646732938644, 0.315939119514418, -0.248284591004105, 0.58773759303216, -0.540047806260659, 1.54209637019434, 1.32233108095135, 0.468083863202189, 0.718457390521534, -0.823034140135705, -0.727165806713555, -0.228493925581789, -0.108818152089804, 0.36290180922806, 1.11442505235528, -0.189236704531276, 0.316795416738377, 0.238927353450132, 0.608113868041364, 0.871492347339124, -0.491920408692056, 0.0788614786825175, 0.187960211685159, 0.541004309427858, -0.688248286838907, -1.33488802738961, -0.676762189533978, 0.57786610313762, 1.0026413500267, -0.611179502902646, -0.339982577836632, 0.621409295789758, 0.230779705830353, 1.34259688379539, 0.0509251203801082, -0.605280197635268, -0.198200672527732, 0.88213836682422, 0.319183775903913, 1.12670626557622, 1.13677785526618, 1.12200832034877, 0.160583696028724, -1.02737043663507, -0.437389982325163, -0.409374691856849, 0.698002554216158, -1.15893161741694, 2.21469283306777, -0.199848925125522, -1.67991167297993, 0.596761794870216, 0.612225266806772, 0.151966566572085, -1.66007985726868, 0.0243077083478112, -0.641868653645134, 0.866549692213067, -0.306507130518782, 0.977716145283904, 0.79808980666011, -1.22237858973405, 0.0506771510757525, 1.17854697744562, -1.81482627812367, 0.597470870904162, 1.38597272370199, -1.15183046710375, 0.307532993475712, -0.40459821432848, -0.388025460518529, 0.740541948676792, -0.523400663568368, -1.34585908895415, 0.170374137556025, -0.899803447438107, -2.0073408487217, 1.40086457642103, 0.448289885756935, 0.827548248466013, 1.79427569595848, 0.146387207528641, 0.0424163444781194, 1.25985859477536, 0.259319775613158, 0.447152577043507, 0.651766361521107, 1.92012511671901, -1.6545944800516, 1.58702766362725, 0.507461102130609, -0.362374911944564, 0.244962791137105, -0.447696550777308, -0.00869951105438425, 1.37498128970052, 0.431571334389642, 0.19406106908295, 0.473530832569297, -0.350621898912286, -0.912142990688234, 0.517582816207618, -1.96319186229656, 1.65028682528515, -2.3537342299975, 1.44308821887829, 0.752450521420105, -1.62025989874428, -1.95963809174014, -1.45769551498787, 1.85846604621486, 2.40858177334551, -1.06272590464407, -0.721342015209826, 0.634935528997747, -0.911745631406596, 0.100713672347483, 1.16476805520404, 0.643322857270574, -1.32516934654047, -0.781609988117747, 1.27925615308582, 0.592450050469432, -1.43489253141016, -0.853484142230976, -1.13836051786645, -0.0586247043654744, -0.612559686771534, -0.729584625901481, 0.233291230901093, -0.198121793259273, -0.546616921683832, -0.813988670216436, 1.56166920305609, 2.01103023949163, 0.338174469726026, 2.74723722781185, 0.882857728588509, 0.760796877302089, -2.137797484171, 0.794333194921305, -0.475090498794961, 1.12327804243371, 0.427514761873066, -0.607580102237997, 0.175539879065126, -1.17284638007794, 1.92294339306603, -1.79056000659954, 0.565018731170517, -1.1412080501483, -1.84377054393781, 0.414608982435609, -0.893185743610838, 0.181306988973316, -0.771409268389736, 0.425868448724432, -0.706477515301552, 0.670829167881601, -1.22871738569815, 1.30310599696882, 1.03352614948557, 0.0624008507720806, 0.773438935018232, 2.74244467781017, -0.111178946642798, -0.832458851170459, 0.751700410774685, 0.0774123133904867, -1.52327799421064, 2.17165094122338, -0.719645964566028, -1.34183962844847, -0.446458782600846, -1.00225739485518, 0.480173765615831, -0.255778890384233, -2.47813077536212, -0.549231568633955, -1.24892943180503, 1.16481879845177, 0.111694955769252, -0.211813795909287, 1.16691348586887, -0.496572697177223, 0.758053690262089, -0.338751643653332, 1.1006558330635, 2.17000070051511, -0.609618151294178, -0.409385926797162, -1.85808661084647, 0.236413927848118, -0.864081605446482, 0.994806588270177, 0.193307688680856, -0.394153073639133, -1.18065927465658, 1.29451633468269, 0.981039945215296, -0.953705480139293, 0.90190701638994, 0.0918088498533187, 0.801677431607462, 0.0942170578661269, 0.766852172741553, -0.46026891933655, -1.78266989081413, 0.206321211205664, -1.29465055465626, -0.27598359197971, -0.682475276392302, 0.463402122078547, -0.56222478643127, 0.438213983422313, -1.65578553457127, -2.07978184597004, -0.260932840064871, -0.65917398328795, 0.432285891377431, -0.944801806706245, -1.69076061457891, 2.63738950719246, 1.30668033446819, -0.127759060096262, -1.19538519621713, 1.85322629042261, 1.94201883024233, 0.954286774201761, -0.329009917948425, 1.83210107191771, 0.136666125536516, -0.2458573169942, -1.91417748164748, -1.16782680376166, 0.253999686581919, 0.472803591490071, -0.24014786121244, 0.203395006504102, 0.191220391625266, -1.19787703567298, 1.16780116148119, -0.610951806707183, 1.94744385117424, 0.793031293379221, -0.876593207066305, -0.292282748824928, -2.20197109925486, 0.529085093738088, -0.691306819109163, 0.430687874755665, 1.21760666759043, 0.0419044795528222, -1.34199869695158, -1.11359108432693, -0.336466094321158, -1.73882238385081, 0.206161991697064, 0.785254953297646, -0.368191716228293, -1.2847351035336, 0.337774283448896, 0.0170571519054189, -1.13042329859062, 1.29392777198449, -1.58022715365482, -1.14247545178502, 0.140409447439943, -0.658012096225778, -1.16480709221468, 0.53097413137168, 1.63558639913513, 0.563713792191038, -0.882309595302636, 0.322179084528876, -0.170774093240253, -0.636498916874113, 1.10262952692419, -0.154666076873556, 1.94571562283057, 0.789501770581369, 1.65058364015138, -0.145363714450102, 1.68903042458889, -0.0832156582197169, -0.635779974718565, -0.186212084353036, -0.125399660839863, 0.992733284469331, -0.267347922628662, 0.283849307096822, -0.427705163248739, -1.03899197636869, 0.497241173635039, 1.56901991228812, 0.0773170301717917, 1.87809251227185, 2.17753206734524, -0.492455507085407, 0.105728495405749, 0.0438431879438992, -0.0395115808203406, -1.40746794173848, -0.797124388444683, -0.648199375540513, 0.428748992868876, 0.842888628247872, 0.236790174214337, -0.447670396028111, 0.115929014088061, 1.68509018158, -1.35827710245125, 1.65526769664995, -0.193079405614116, 0.48398434267852, 1.22354817267203, 0.412516773277702, -0.69934514329809, -1.27943796029233, -1.21666118410906, 0.102554513217601, -0.833060599747763, 0.946337938924243, -0.893011326364535, -2.07881375468897, -0.800769426376207, -0.166042948221831, -0.238401498233677, 0.214169417413919, 1.31873241780026, 1.06054530882257, 0.583238314845398, -2.42127933220188, -0.454011396830667, -0.759198703495769, -1.82384728293403, -0.799835030787926, 0.586336875784362, 0.448830465500107, 0.955707905867156, 0.0746131667709097, 0.946169481203093, 1.7786466645122, 1.46408831082336, -0.222306357894578, -0.553259405827589, 0.213488546115312, -0.129751068449449, -0.105846083911682, 1.09694423563485, 0.362548928050745, -1.02977860979171, -0.673013775916679, 0.171631454060786, -1.48434958084819, -0.813913211846189, 0.349891966294131, -1.38005524394695, 1.19416269551638, 0.647124477110419, -0.898638843671958, -0.543085938260968, -0.570959220041798, -0.991704897276678, -1.10293001035162, -2.30405450529153, -0.273152607535897, 1.73887387730331, 0.633207669775057, 0.154861460210346, 0.103053435027794, 0.176476479319709, 0.746661122456953, 0.0487361120069523, -0.0596018078455089, 0.166540733039471, -1.46818507665809, -0.333225569359003, 1.34688795770835, 0.621484831469591, -0.0065002622920471, -0.821853733002527, 1.53363789476954, -0.70341703786146, 0.924690551978482, -1.45978461047867, 0.264204280973831, -0.740745308228079, 0.277368972715949, -0.190502647249219, 0.393315186060377, 1.18159100672758, -2.02715650231736, -1.21702087519545, -1.06453234227314, 0.806182091321431, -0.0370462592855704, 0.754030522949862, -1.45249031545703, -1.06624966243217, 0.767364438011652, -1.06395497078945, -0.522868744556639, -0.231362638109944, 0.489618296690311, -0.159245093280754, 0.511194007008796, 0.203130494310684, 0.721387921335694, 0.291629451883662, -1.0514661964694, 0.699733832269942, -1.5423811223006, 0.303334378227071, -0.106400372024596, -0.951745870265574, 1.6148641961127, 0.397839309294168, -1.05697762868835, -1.22546982360843, -0.234699875611104, -0.0787200995428405, 0.83867319197592, -0.346111976990705, -0.227842852880317, -0.392927989952159, 2.4522088489206, 1.25279292453896, -1.41592909589221, 1.97028384551353, 1.16866518804707, -0.627307997805536, 0.314977177131451, -0.9536900322639, -0.00503406080282772, -0.508078608069982, -0.765502810380093, 1.99115735700168, -3.17082635630663, 0.831927273966674, 0.230186173217547, -1.79533311452139, -1.27698322679059, -0.442546583460491, -0.349637467799953, -0.875098152802585, -0.412252099834925, -0.639116216159118, 0.176104000756319, -0.668552024449778, -1.02907347107544, -1.53717698787941, -0.212629730480318, 0.103802427319678, -0.992258638292762, -1.65788433096973, -0.613894309606202, -1.11744249387629, -0.14154439190252, 1.42054960851995, 0.131626292098738, -0.857813811404589, -2.15909146374538, 0.035155730952724, 1.48809189830579, -0.0491879118956827, -0.845202894786124, -0.346819711270509, -0.843400085927883, -0.778685497566003, -0.444193437139179, -0.883814072677753, 1.34990151127885, 1.16313421354058, -1.39866343109336, 0.597155366253803, -0.274464148059759, 1.48864114133902, -0.88473997384104, 0.935816784820909, 1.52089987040845, 0.218017751277828, -0.149389247618925, -1.03380122133858, 1.86026619207396, 0.193777286383401, 0.199784694302553, -0.12065787913981, 0.441939252396528, 1.25012216631871, 1.39261104073738, 0.119663429169021, 0.308408356595586, -0.627273019019661, -0.417099673004412, 0.45988309314682, -0.126955034020713, 0.298590126732759, 0.912436071539083, 0.584001085702631, 0.675438820284351, 0.151322111471169, 2.73524337091646, 1.08864323493199, -0.82322383011065, 0.328067645043683, 1.63388755720637, 0.217654524396762, -0.615654379629544, 0.797545803802282, -1.60979734309604, -0.463487594332943, 0.125958303857079, 1.77082158392612, 0.521638862409657, 1.04140273294909, 0.146580637753207, 0.338214827925745, -0.637479196599653, 2.25313610906302, -0.718138461060723, -0.292083915441423, 2.12900921189967, 1.0371296219505, 0.72537717706671, -0.705704477711178, -0.332577010346927, -0.0746604234855065, 0.534497335485367, -0.00367807169157583, 0.00615697750831662, 0.301683800196199, -0.547627016165487, 2.57311573914346, 1.10026030955957, 0.475888273424754, 1.59634530423393, 1.03521537527283, -0.503396233390869, 0.409607722590314, 0.360089272110176, -1.43199291447133, 1.59548812639723, -1.49093097159381, 0.307269017191597, 0.91624980045137, 0.549254405717512, -1.23383166935023, -1.08937141760892, 0.0593424618674765, 1.04749890944833, 0.845514407567033, 1.39443805573098, 1.66131475041778, -0.534306337904916, 0.703709182916761, -0.320513971401895, 1.20786081798796, -0.301972782340251, 0.753998533220817, -0.474378957429524, -0.268959109884184, 1.97358222908678, -2.1946759337978, 1.67176155945765, 0.648748238109396, 1.00655627210605, 0.0296249973876295, 2.47489623568356, 0.39236634369163, -1.102211042938, -0.400308520289619, -0.918342519311896, -0.286570599811177, -1.06517693266207, 1.20051507306843, 0.484635025669218, 0.325647001946109, -0.010247515239952, 1.60169444958321, 2.16046621583948, 0.716069291873834, 1.1486699239149, 0.0233040203766939, 1.44703125126898, 0.297419558474594, -2.57943462943041, -0.241415143032787, -0.135947741968058, 0.341417289210166, 0.864438945139539, 0.161877524864439, 0.61997490476817, 1.86551393942985, -0.0649022918499807, -0.0397654056115881, 0.35151853736289, 0.74785984358986, 1.05121601667047, 0.191255289003562, 0.639386649604579, -0.308150046469643, 0.300214495479124, 1.13786674966035, 1.18655204880393, -0.0782828085342767, 0.733288762615629, -1.36822447930271, -0.403139304818494, 0.441794337565395, 0.41493169232003, 0.648069788501286, 0.992643455949802, -0.608817250704657, -0.0599964339506311, 0.785140776857982, 0.0138467617158363, -0.476488200973936, 1.37965137110188, 0.39390082726324, -1.11765325380358, -1.1745019075628, 0.0194387677332751, -1.9262065291839, 1.11476569076335, 0.144390855205952, 0.353387993279154, 1.05413185876362, -1.49295001777272, 0.0114969440333369, 1.12300986526045, -0.47019549044698, 0.510087488695587, 0.798525214033137, -0.0528026814916597, -0.365201600558965, 0.414401756844414, 0.191146762906594, -0.440247621533858, 0.849462619299231, -0.739733343491077, -0.546890135137803, 1.97890191819197, -0.15581522729461, -0.109713459185391, -0.455456218414272, -1.19142143017828, -0.059708299827714, -0.303683462132686, 1.83547871546024, -0.579566563482453, -0.618931579454265, -0.50332340666089, 0.514776801289045, 0.863530309287566, 1.25358646580543, 0.346286702939518, 0.739859305852648, 0.805785275233971, -1.19222188649712, -0.502550052150739, 0.995131494833463, 0.242281474168924, 0.322763888125965, 0.692628504641641, 0.182034149784419, 2.08852651590783, 0.428914994210842, 0.0475825844562435, 1.247136195811, -0.144085652727267, -1.69626104147987, -0.718743266578475, -0.0627403080723664, 1.21356323347907, -0.537083655985501, 0.664021635759051, 0.545737569131513, 1.17817187685951, -0.799481192861418, 0.497287259841054, 0.721219491337572, 0.712029573533179, 0.269789678642824, -0.661971898500803, 1.06496147894499, -1.30255674330715, -0.261734496059011, 0.483389879491916, -0.343647271514719, -0.871494822296972, -0.524176453902705, -0.789548359535337, -0.224281409119493, 0.205376976557996, 0.216768879238872, 1.17325411753714, 0.744816195118211, -0.44725618966706, 0.698248712469633, -0.899739012009357, -0.418196042853054, -1.52642150507497, 0.135905244356014, -0.633913073122492, 0.82157867376202, 0.754346736600928, -0.349823010276652, 1.10326312743504, -0.30227757502182, -2.32209861489455, -0.95171849566861, -0.769451755843703, -1.52423030081359, 2.39566949734237, 0.316727656839368, 0.705137335058165, 0.382927632574969, 0.35818432977476, 0.523915867704035, 1.4434591111931, 0.692183589509227, 0.533662173851342, -0.82705797178232, 0.88722077332454, -0.943912771438068, -1.45388111856645, 1.0189173833034, -1.47243829393242, 0.71860376448468, -0.00921983198473036, 1.38742775948679, 1.17287816253635, 0.237270534849453, 0.134065747239587, -0.894200602649998, -0.314067524010387, -0.302804992614579, 0.872998749592028, 1.84301771345914, 1.41778438715654, 0.185906846349347, -0.19558439869458, -0.198660595767459, 0.366345065708189, -0.558983542138761, -0.197811298729079, -0.374752020176212, 1.14727860266769, -0.389905224590545, -0.699173320971596, -1.72434447889673, 0.352428167025678, 0.974647437190644, -0.0875987882703831, -0.673792909234642, -0.49638297044651, -0.965694193670476, 0.961779468188877, -0.349547309843301, -0.259793806456607, 1.3451429012573, 0.0468251042366642, -0.864672017519553, -1.87691714144368, 1.3606554578968, -0.0489168828531824, 1.12310027001164, 0.329993466751394, -0.86446216302962, -0.457785002773797, 0.216766910608731, -0.833353822372026, -0.0802312738026769, 0.558301520679234, -0.935362451030319, -0.117018415700079, 1.36953612661726, 2.09741481232923, -0.023928914573394, -0.434363373854927, 1.08145271224624, 0.589402915008526, 0.140380080179475, 0.77497815237274, 0.730865517818777, 0.157671794999552, 0.373992006712578, 3.26447778026574, -1.45076399428676, -1.98155075739157, 1.02759791999348, 0.515986351353943, 0.111700822095212, 1.18301360749982, 0.366214837854278, -1.08674270799289, 0.898951975979875, -0.134714981201223, 0.0939551166346337, 0.464848107940069, 0.846926336812351, -1.31434174591995, 0.126825290686901, -1.38756505049981, 1.03924070034874, -0.864147976631016, -2.78996548161426, -0.0697514925137401, -0.784794385646821, 1.04229949267382, 2.4697817756942, -1.74380592335741, -1.20267243504344, -0.650775699092474, -0.587749640096261, 1.47991860907374, 0.00231667459177613, -0.530197743204794, -0.154785748352661, 0.234439962418102, 1.60639968359893, -0.567728012175386, -0.864402809894801, 0.153704748077553, -0.922270241888724, -0.632845779274972, -0.0320322802436318, 0.351334659277919, -1.40060235719984, -1.01104897531804, -0.115508610860987, -0.337499769344103, 0.817249160969177, 1.25081882292307, 1.79042950797049, -0.691908256856147, 0.579794590438182, -0.17641665454427, -0.0889506673311323, 0.351479986767891, -0.642858187449453, -0.083016517989949, 0.100532895760789, -0.983177270241989, 0.131978426838872, -0.110356126001827, 1.72095662234606, 0.0918580217573189, -1.78171998068899, 0.996977445687914, 0.550608039923819, 0.427174640919721, -0.145886620871944, 0.161797947198403, 0.633390053996089, -0.655984685486567, -0.276652143390737, -1.34300387390956, -2.01672590261576, -0.963035603575193, -0.0902119865255791, -0.629765292490168, 1.56634005316886, 1.44899844837942, -1.49608226645215, 0.973815442117179, -1.37033405575365, 0.372149248786795, 0.360655437439893, -0.485817923015533, 0.459718419540691, -0.367669816695013, -0.624304815254201, 0.886971560880455, 0.115474859761781, 0.780008414469791, -0.000137595006147764, 1.7610049441416, -0.41294423629965, -0.796621119322786, -0.0880391931642672, -1.07639676432782, -1.16328677539759, 0.483215546277212, -0.842657747034746, 0.71608611423021, -1.236163002224, 0.906414944239082, -0.356467097333397, -0.409716281264539, 0.197994245334009, 0.990972897695105, 0.609155105359311, -0.470004949684119, -0.889281827020886, 0.0714585148391626, -1.22059182634869, -1.05252055756513, -1.12126064983164, 0.837012344017436, 1.05798571690846, 0.34627581808964, 0.888596135607232, 0.176237667901551, 0.920573705207189, 0.0720047243710193, -0.873074841571537, 0.0106045676099994, -1.4218875860059, -0.114139618518168, -0.11607926366139, 0.0640518321076743, -0.362647212309823, -0.267615601330326, -0.845687020376249, 1.02643413951555, 0.474891872490481, -1.0703381634847, -0.97370484977688, -0.633038829624939, 0.287140571734088, 1.33605514576256, -1.08636144965678, -1.63317150599151, 0.272365087318144, 0.569845087810774, 1.42858212989864, 0.748437324532827, 2.25796996186671, -0.14080558748816, -1.89129993831425, 0.191414899700162, 0.43809557568208, 0.328102799334992, 1.03486445963731, -0.559421886997094, -0.402956017087777, 0.221426459274222, 0.218664276624597, 0.401504930024814, -1.62146163037594, 0.651342766356102, -0.84509507477436, 1.95641312703345, -1.51512804242434, -0.447803144283408, -1.39457837484169, 0.478122315364267, 0.461885087332383, -1.3115657422235, -0.500045068220824, 1.32317189261533, -1.58904260537127, -0.228976783666034, 1.96791680670546, -1.16582958838661, -0.877369543054346, -0.721926335728639, 0.550344133910538, 0.835007787784893, 1.08159993750041, 1.18593596802793, -0.489807512971596, -0.171087778608527, 0.376292788501052, 0.753212507057242, -1.08725334467541, 0.00748634297351728, 0.28450748425909, 0.297024246586437, 1.03035182916094, -0.82045290753599, -0.525163915975382, 1.44575823984952, 0.812568272130737, 0.984958851350707, -1.3795830768831, 0.222025201848615, -1.02898716647577, 0.771794642099801, 0.259760913660709, -0.125577067270568, 1.64801074630751, 2.07765812375256, -0.964041413931317, -1.05533455266967, -0.760939045963734, 0.261778561983103, 1.148409145978, -1.44499949850269, 0.603565429162672, 0.139125973097012, -0.55153345574987, 0.0787428015686586, 1.88517029665276, -0.714604000922825, 0.0870056146137995, -1.22931533992883, -1.21974806525782, -0.611793681905064, -0.523844349903843, 0.0133849402671338, 0.177778360543944, 0.594538578731833, -0.669137658184295, -2.70035348087351, 0.614262601948257, -1.19767248419067, -1.64986444703603, -0.369748756938755, 1.12865394951275, -0.206046158163772, -0.0788730721787158, -0.455444706817956, -1.051001798411, -0.462608197819501, 0.582779821859763, 0.437740438070559, 0.753724109556399, 1.57487412930986, -0.864146937167033, -0.578058389231069, 0.301165277837396, 0.781983539052622, -0.363230301014383, -0.111779021000717, -0.382402260067896, 0.960668502872243, -2.3480860856113, -0.918163241844883, 0.639330729496328, -1.19120735159689, 0.603763379686721, 1.61519860221549, -0.49504696717629, -0.571484001749245, 0.342705798494052, 1.43425477443209, 0.615073635492299, -1.48132937672315, 0.245985541070798, 0.697782701096563, 1.29194223498951, -0.244414688146574, -0.364834409851494, -1.86721165800159, 0.566269435990497, 0.0641256548907209, 1.64956060375506, -0.889696625854485, 0.797201882840237, -0.989582483002078, -0.95200011468444, -0.861321994835281, -0.699993648616234, 0.487726101327828, -1.47525430851486, 0.542762421761029, 1.95928995471523, -0.217540305266402, 1.19407440845187, -0.371663493728556, -0.651245770284049, 2.26815846188131, 0.192581168834597, 0.86516948039269, 0.609644052627904, 0.645138206106603, -1.80590141149029, 0.206724428503184, -0.523040850060648, 1.27108133630479, 2.12088393215924, -1.83524069663129, 0.062185117275073, -1.30695044220556, -0.51661722591722, -0.0038750990346952, -1.34338653363852, 0.659295854924357, 0.374767683928291, -0.836208314136289, -1.93643884519826, 1.26248863666614, 1.48958022269464, 0.78042545330509, 0.473680445954188, 1.40610091234598, -1.49928159008846, -0.306155230227721, 0.730963805757028, -0.469067224653846, -0.504762653427267, -1.2879538882499, 0.208313592081484, -0.845136823029365, 0.154760429332243, 0.388988044026651, 0.111247629866406, 0.519175529599482, -0.407998604456172, -0.0312487116051883, 1.24319556871537, -0.344697788332701, -0.893323206912677, 0.955120616588222, 0.326765003477175, 0.207375319038682, 0.327662052830848, -1.85290117111619, 1.73221566335735, 1.15416944025688, -0.12581455419029, -0.590721706512322, -2.17199779512595, -1.27885326975239, -0.792397684334981, 1.61090891134694, 0.259346438747589, -2.06140362059886, -0.392925137173094, -1.79722803952306, -0.0160460130740204, 0.808137396216146, 0.553281402325205, -0.515592543073008, -1.0093702755056, 0.0121370667611524, 1.09399447355891, 1.32425241569668, -0.535320543745183, 1.2593698087133, 2.14332599941689, 0.0268035713732452, -0.489753613000639, 0.624580326381359, 0.56096106654269, -1.25400956920925, -1.88896777364781, -0.36820557609133, -3.15905545446544, 0.876668508959532, 0.46530966953006, -0.388598138021165, -0.109493382636206, -0.407966106395665, 0.0409570866409952, 0.696444793882097, -0.927133896475782, 1.55944390836561, 0.592407916594531, -0.614709195730232, -0.350749697661818, -2.01844550612618, 0.940543934593072, 1.43768846239739, -0.505570705489536, -0.763847555138668, -1.23707519259997, 0.755472738076142, 0.775418342869952, 0.950936787129721, -0.772447644787365, -1.91363105479292, -1.08671176939854, -0.0805681720425133, 0.153030861329198, -0.422454767851023, 2.10061750730302, -0.608926944637633, -0.994105267214509, -0.238847546488314, -0.0447825072909395, -0.720127464158532, -1.77344128522519, 0.806210983233158, -0.125677489177156, 1.14008788806288, 1.04877435799581, 0.241099739489735, 0.234493874952072, 1.0343817386593, -0.10117213265662, 1.03789427946993, 1.29705183612977, 0.31100060943545, 0.325945079964685, 1.6410555968921, -0.484661346238826, -0.416932516536627, -0.942237084656198, 0.109269294656382, 0.613543775513179, 1.20900556623038, -1.34612583689141, -0.41019262464055, -0.715382034829911, -0.118277235515368, 0.212205914185434, 0.908835065979986, -0.746093556465596, -0.67729879878562, 0.755263310322603, -0.0634536545238753, -0.66096619970014, 0.495119593067365, 0.146519987342835, -1.2227561557376, -1.55708181128914, 0.995307293222223, -1.0116625993315, -1.30938745412113, -1.77567229526723, 2.122016580158, 0.504173168394, -0.0298908716988514, 0.136760632119952, 0.495089315156065, 1.46610891903731, -0.0301261217228417, 1.18811580827576, 0.0826553504600941, 0.81602557689659, -1.00095099428855, 0.78993001608308, -0.180062279255515, 0.135860750079701, -0.264055774971461, -0.174512110726494, 0.127419864681064, -1.048969568951, -0.35587559844549, -0.11436331920232, 0.75703696835064, -0.415228557319754, 0.0974525758114976, 1.03478339360364, -0.208839428783434, 1.77384722658987, 0.873369173616594, -0.59575125800989, 0.457603530818862, 0.543207062115773, -0.0310314558369234, -0.909306460852229, 1.03653835681931, -0.458995578429756, 1.68856371151945, 1.73870243361011, -0.493932518839188, 0.457710885069652, 0.768900252331538, 0.868252332548126, -0.0549246934994651, 0.794884336297193, -0.501555543929777, 0.521213684466586, 0.552259559843591, -0.352378027698876, -1.02590709131633, -0.0748901915920466, -0.0243128786227891, 0.457035490135848, 0.114111096097063, 1.22151554946729, -1.08075780668441, 0.4802868316521, -0.400199861549717, -0.847157875380093, -0.609180171807023, 0.192903034436538, -1.30472320359459, 0.0802654055105, -1.12451892569175, -0.735753823916723, -0.72001798462579, -1.38781119523056, 0.226036619597139, 2.31020792975591, 0.0722596470661986, 0.040755858062924, -0.8594928032017, 0.921417212319391, 0.895777181261078, 0.73859886856554, 0.0598505545519924, 0.682391217836672, -1.64576439274133, -0.127317288062894, -0.0464083651217658, 0.953746245371438, 0.0810939381181995, 0.741589743243267, -0.630372597648439, -0.984857166676974, -0.94423255420872, 1.53953190545416, 0.829383411438512, 0.47431916144853, 0.223623884913328, -0.354257008464259, -0.296376990884469, 1.15507013716117, 1.02351212575366, -0.600935785769091, 2.31272173349538, 0.422564495869359, -0.415471074785243, 1.27807430286079, 0.0447637950388957, -1.42473593177324, 2.44119386965747, -1.77951750792885, 0.0072995160139723, -1.40973844120397, 0.807214185518862, 0.823667080008504, -0.231097954562868, -1.54841607117369, 0.850327624433511, 0.0100318522588842, 1.96308207226174, -1.87465943115662, -1.65286657253257, -1.19655008604981, -1.31050653757012, -0.279160952666303, 1.2994210846219, -0.938999251368503, 0.974179267269673, -0.0987654524156196, 1.48449000693248, -2.3346679787021, 1.76051815342456, 1.37969438551953, -1.68996805352499, 0.0939981913447835, 0.503757000638462, -1.08291904636994, -0.275149513119785, -0.229382777249952, 0.00402152714203216, -0.0811986819067951, -0.619905070946027, -1.22885301339617, -0.335280600657443, -1.2546331025886, 1.12200463285106, -1.94556720990595, -1.29898463945826, -1.106279996829, -0.269911784312627, -0.103260057208235, 1.9342272556844, -0.342284418517287, -0.0509063026928009, -0.0571945635075961, 0.36476284876364, 1.31121031941769, 0.183809511319201, -0.735262542679007, 0.267198570341681, -1.69039122741165, 1.66219799628358, -0.317702418078383, -0.0981450814174524, 1.05032108287532, 1.24741828826458, 1.11962796843916, -0.272182440288613, -1.70966956394454, -0.611947925801568, -1.06385345791015, 0.490661840036266, -0.283230456371705, -0.360113308028375, 0.694157219803793, 0.357311779564492, -0.0412332338427929, 0.142272003566937, -0.101904832160971, -0.131770818374458, -0.87509004068711, -0.200446348601335, 0.183476898968371, -0.187249522548828, -0.505627729354147, -0.811954255407632, -0.614782255006042, -0.0570069391223856, 0.91424800165674, -0.276298254753927, 0.812592163929554, 1.49442750312343, 1.51817363029322, 0.15689171949953, -0.676489020867448, -0.484672076385186, -0.189712529683038, -0.240842059752521, -0.957621442166022, 0.503650042466536, -1.10372508857345, 1.07979024912763, -1.13666750261801, -0.36567475274965, -1.43499931182809, -0.164351956838547, -0.195119531788551, 0.159259227146788, 0.121000964532903, 1.21354501328605, 0.925847618814521, -0.137655331992531, -1.48031347905579, 0.113414180426674, -0.585997629247194, 0.511173488550453, 0.0160559868750762, -0.657507071754734, -1.19927975777761, 0.0474117469399935, -1.10014327911379, -1.04456053930328, 0.101078290230101, -1.1328990208398, -2.49739031244752, -0.622764589133857, 3.03094070225925, 0.236103740755434, -0.227172917461645, -0.248122685433082, -1.0625322334073, -0.461156576414309, -0.569290278087335, -0.797013875214087, 1.73330138638337, 0.592085493455954, -2.00638077210675, 2.38503608643787, -0.492766083296116, 1.55672213895252, 0.0417345034248888, 0.720525956515085, -0.237546639148447, -2.98778971297086, -0.981233139427728, 0.0975203775989542, -0.910540782757009, -0.776138153799452, 0.149326676961594, -0.850085198938855, 0.832644418490096, 0.184153180146091, 1.06931488168418, 0.321893953389816, -1.19040972820355, -0.324528601553571, 0.889413299064801, -0.198373826125465, 0.142932800817747, -0.598150790153003, -0.357532863863177, 0.324757537825155, -1.05202439845741, 2.06100543720252, -1.56826863222348, 0.956367964240154, 0.40123363469197, -0.262135379825783, -0.308082218817465, -0.0441485573187967, 0.907795017259625, 1.66239167367743, -1.81777012867463, 2.79544782944635, 0.830921501192952, -0.00165433219270769, -0.0024759955433414, 1.22560610189912, 0.328425492204075, 1.85437168865519, 0.94782669284833, 1.05848726614141, -2.40861952509792, 0.66084718168343, -1.10676597286309, 0.0282319335973827, -2.84107987961679, -1.13976188666303, 0.845658626984059, -0.174038527719608, -1.0246018605208, 2.30603967227705, 0.0845175185699784, 0.474874423050044, 1.09649356650296, -0.168202266893351, 0.646831668235102, -1.23503722100725, 1.74905012504946, -1.90499466359681, -0.399385561414468, 0.989573180859536, -1.21881760026036, -0.42587132034305, 0.425831889089009, -0.445659837411167, 1.46224418157179, 1.08295743482379, -2.01549406240724, 0.219319794842374, 0.200234159562833, -2.03897012685359, -0.59000562050539, 0.828925460283484, -0.127664891308843, -0.976661845702174, -1.2236793847067, -0.837574104177687, -0.751574806270606, -2.7364156811864, 0.0785855833221255, -1.47227913183613, -1.09290159486241, 0.148712968350775, -0.462417036613952, -0.915512172994342, 2.17414377040903, 0.384005659010051, -0.850553710358642, 1.2351785309089, 0.436116140163065, -1.52067328195747, -0.994642462732246, 0.268958589332396, -1.15787657872852, 0.235014639973867, 0.855022384271856, -0.752683292436958, 0.300634001559983, 0.0484557315002286, 1.5995159687491), .Dim = c(20, 200))
"n" <- 20
"p" <- 200
"tau" <- 1
"rate" <- 0.2
"p_u" <- 205.369121640298


}

######################################################################################################
######################################################################################################
