######################################################################################################
######################################################################################################
#### JAGS model file written by runjags version 2.2.2-5 on 2026-03-25 21:48:37.867946 
######################################################################################################
######################################################################################################

model{
for(i in 1:n){
# Log link for the model
log(mu[i]) <- inprod(X[i,], beta[])
Y[i] ~ dpois(mu[i])
}
# Laplace spike-and-slab prior
for(j in 1:p){
cat[j] ~ dcat(c(r/2, 1-r, r/2))
slab[j] ~ dexp(rate)
beta[j] <- (cat[j] - 2) * slab[j]
}
# Prior on r, r ~ Beta(1, p^u)
r ~ dbeta(1, p_u)
}
#monitor# beta

######################################################################################################
######################################################################################################
#### Initial values 
######################################################################################################
######################################################################################################

inits{
"cat" <- c(2, 2, 2, 2, 2, 2, 2, 2, 2, 2, 2, 2, 2, 2, 2, 2, 2, 2, 2, 2, 2, 2, 2, 2, 2, 2, 2, 2, 2, 2, 2, 2, 2, 2, 2, 2, 2, 2, 2, 2, 2, 2, 2, 2, 2, 2, 2, 2, 2, 2, 2, 2, 2, 2, 2, 2, 2, 2, 2, 2, 2, 2, 2, 2, 2, 2, 2, 2, 2, 2, 2, 2, 2, 2, 2, 2, 2, 2, 2, 2, 2, 2, 2, 2, 2, 2, 2, 2, 2, 2, 2, 2, 2, 2, 2, 2, 2, 2, 2, 2)
"slab" <- c(1, 1, 1, 1, 1, 1, 1, 1, 1, 1, 1, 1, 1, 1, 1, 1, 1, 1, 1, 1, 1, 1, 1, 1, 1, 1, 1, 1, 1, 1, 1, 1, 1, 1, 1, 1, 1, 1, 1, 1, 1, 1, 1, 1, 1, 1, 1, 1, 1, 1, 1, 1, 1, 1, 1, 1, 1, 1, 1, 1, 1, 1, 1, 1, 1, 1, 1, 1, 1, 1, 1, 1, 1, 1, 1, 1, 1, 1, 1, 1, 1, 1, 1, 1, 1, 1, 1, 1, 1, 1, 1, 1, 1, 1, 1, 1, 1, 1, 1, 1)
"r" <- 0.01
".RNG.name" <- "base::Marsaglia-Multicarry"
".RNG.seed" <- 17
}

inits{
"cat" <- c(2, 2, 2, 2, 2, 2, 2, 2, 2, 2, 2, 2, 2, 2, 2, 2, 2, 2, 2, 2, 2, 2, 2, 2, 2, 2, 2, 2, 2, 2, 2, 2, 2, 2, 2, 2, 2, 2, 2, 2, 2, 2, 2, 2, 2, 2, 2, 2, 2, 2, 2, 2, 2, 2, 2, 2, 2, 2, 2, 2, 2, 2, 2, 2, 2, 2, 2, 2, 2, 2, 2, 2, 2, 2, 2, 2, 2, 2, 2, 2, 2, 2, 2, 2, 2, 2, 2, 2, 2, 2, 2, 2, 2, 2, 2, 2, 2, 2, 2, 2)
"slab" <- c(1, 1, 1, 1, 1, 1, 1, 1, 1, 1, 1, 1, 1, 1, 1, 1, 1, 1, 1, 1, 1, 1, 1, 1, 1, 1, 1, 1, 1, 1, 1, 1, 1, 1, 1, 1, 1, 1, 1, 1, 1, 1, 1, 1, 1, 1, 1, 1, 1, 1, 1, 1, 1, 1, 1, 1, 1, 1, 1, 1, 1, 1, 1, 1, 1, 1, 1, 1, 1, 1, 1, 1, 1, 1, 1, 1, 1, 1, 1, 1, 1, 1, 1, 1, 1, 1, 1, 1, 1, 1, 1, 1, 1, 1, 1, 1, 1, 1, 1, 1)
"r" <- 0.01
".RNG.name" <- "base::Marsaglia-Multicarry"
".RNG.seed" <- 18
}

inits{
"cat" <- c(2, 2, 2, 2, 2, 2, 2, 2, 2, 2, 2, 2, 2, 2, 2, 2, 2, 2, 2, 2, 2, 2, 2, 2, 2, 2, 2, 2, 2, 2, 2, 2, 2, 2, 2, 2, 2, 2, 2, 2, 2, 2, 2, 2, 2, 2, 2, 2, 2, 2, 2, 2, 2, 2, 2, 2, 2, 2, 2, 2, 2, 2, 2, 2, 2, 2, 2, 2, 2, 2, 2, 2, 2, 2, 2, 2, 2, 2, 2, 2, 2, 2, 2, 2, 2, 2, 2, 2, 2, 2, 2, 2, 2, 2, 2, 2, 2, 2, 2, 2)
"slab" <- c(1, 1, 1, 1, 1, 1, 1, 1, 1, 1, 1, 1, 1, 1, 1, 1, 1, 1, 1, 1, 1, 1, 1, 1, 1, 1, 1, 1, 1, 1, 1, 1, 1, 1, 1, 1, 1, 1, 1, 1, 1, 1, 1, 1, 1, 1, 1, 1, 1, 1, 1, 1, 1, 1, 1, 1, 1, 1, 1, 1, 1, 1, 1, 1, 1, 1, 1, 1, 1, 1, 1, 1, 1, 1, 1, 1, 1, 1, 1, 1, 1, 1, 1, 1, 1, 1, 1, 1, 1, 1, 1, 1, 1, 1, 1, 1, 1, 1, 1, 1)
"r" <- 0.01
".RNG.name" <- "base::Marsaglia-Multicarry"
".RNG.seed" <- 19
}

inits{
"cat" <- c(2, 2, 2, 2, 2, 2, 2, 2, 2, 2, 2, 2, 2, 2, 2, 2, 2, 2, 2, 2, 2, 2, 2, 2, 2, 2, 2, 2, 2, 2, 2, 2, 2, 2, 2, 2, 2, 2, 2, 2, 2, 2, 2, 2, 2, 2, 2, 2, 2, 2, 2, 2, 2, 2, 2, 2, 2, 2, 2, 2, 2, 2, 2, 2, 2, 2, 2, 2, 2, 2, 2, 2, 2, 2, 2, 2, 2, 2, 2, 2, 2, 2, 2, 2, 2, 2, 2, 2, 2, 2, 2, 2, 2, 2, 2, 2, 2, 2, 2, 2)
"slab" <- c(1, 1, 1, 1, 1, 1, 1, 1, 1, 1, 1, 1, 1, 1, 1, 1, 1, 1, 1, 1, 1, 1, 1, 1, 1, 1, 1, 1, 1, 1, 1, 1, 1, 1, 1, 1, 1, 1, 1, 1, 1, 1, 1, 1, 1, 1, 1, 1, 1, 1, 1, 1, 1, 1, 1, 1, 1, 1, 1, 1, 1, 1, 1, 1, 1, 1, 1, 1, 1, 1, 1, 1, 1, 1, 1, 1, 1, 1, 1, 1, 1, 1, 1, 1, 1, 1, 1, 1, 1, 1, 1, 1, 1, 1, 1, 1, 1, 1, 1, 1)
"r" <- 0.01
".RNG.name" <- "base::Marsaglia-Multicarry"
".RNG.seed" <- 20
}



######################################################################################################
######################################################################################################
#### Data 
######################################################################################################
######################################################################################################

data{
"Y" <- c(2, 17, 1777873, 3, 25363721, 78784703954, 31188, 517, 24698, 0)
"X" <- structure(c(0.051993530701639, 0.0516661642968748, -0.12921553025528, 0.56082835016938, 0.556000701390725, -0.577959609908096, -0.263174938179906, -0.331475556710874, -0.474223023157266, -0.102896205336323, 0.581362963423859, 1.89290523682694, -0.918642672790088, 1.5800464193741, -1.77325708212541, 0.467455305342318, -0.422661509213987, 0.368620234094762, -0.463708019359566, 1.95237504596004, 1.27315353403345, -0.217795042925883, -0.79682131352977, -0.266061730372223, 0.272172260944183, 0.858716987445683, 0.220987413014668, -0.472459854325731, 1.19889837175599, -0.303076795934968, -1.40343817243574, -0.0664839635809406, -0.622401381021532, 1.19753654416102, 1.33258263689458, 0.634087077768047, 0.00355921283299609, 1.47108890641495, -0.96394626181193, -0.962888516281903, 0.488340299297538, -2.17900954956358, -0.295593016509142, -0.0299350997137071, 0.593381245753758, -0.0552625466307975, -0.690075450997263, -0.207848895692512, -0.249824458299007, -0.835591976418292, 1.43920788744849, -0.731001518522355, -0.565627664015001, 0.0867666768630717, -1.61484128766841, -0.722109620603593, 0.275339464141529, 0.188965973126895, 0.203996361193995, 2.14830609845029, 0.168880227913116, -0.060704402842044, -1.49369534297972, 0.363291314158007, 0.398729904332153, -0.243712249819195, 1.78184533726516, 1.81824056446644, 2.11729845365758, -0.380397678867054, 0.438179071301183, -0.925980815979195, -1.71039275684651, 1.11494974069731, 2.44090176808965, -2.33861918785002, -0.635138347279431, 0.437543536000963, 1.23547785624732, 0.965116478797318, -1.56542240982893, -1.09439818971429, 0.320969773843619, -0.629551341921768, 0.0426106940932086, 0.322985857571878, -0.195349350139848, 0.711728586371233, 1.28933995020256, -0.718661864431103, 1.17181186877276, -0.468510413587966, 0.715516308146599, 0.525205771626139, 1.01372386695978, -1.29430768275935, -0.449825298964783, 0.54138483906559, -0.88430385178173, -1.38324707998424, -0.240553098077788, 0.619527907865648, 0.731870162395911, -0.852934983948694, -0.352247259650025, 0.362902486338155, -0.813404668312836, 0.889446818012653, -0.284945111422955, -1.09353156681067, -0.304345320005995, 0.334984156606086, -0.745451739405045, 0.6121783219406, -0.300636639586338, -1.19931393136369, 0.785929739233612, -0.779612009112451, -0.250947226345854, 0.304958831528272, -0.248617313160057, -0.919227579358444, -0.290512539712072, -0.700148151445254, -0.107783330431567, 0.54857260819967, -0.0314495391851869, -2.28334189991099, -2.84465678665385, 0.248834882736636, -0.794831131454654, 0.714971680273591, -0.619514168096032, 0.378800605485232, 1.58878549953497, 2.16846938078694, 0.795239493189972, 0.554398844877665, 1.08666656539473, -0.237438166189577, -0.821183065188769, -0.253367558429613, -0.0928021853083441, -0.880715412805931, 0.353642250529834, 0.630844411444338, -1.17674616605569, -0.233194484610359, 1.83966975353681, 0.32591575018924, 0.91910699647506, 0.967336416768419, 0.143119399675753, 0.0591967849102801, 0.644092928300187, -0.443740476748835, 0.00391765702120395, 1.12422599076437, 1.70444869253673, 0.301388517737761, 0.162825551723744, 0.884249046736318, -1.08747959193927, 0.420020051832052, 0.114513198719404, 1.82109083934339, -0.294305115229146, 0.646793444858591, 0.00255321865336009, 2.38613701004279, 0.675522879661428, 1.0295257865774, -1.50114609590888, -0.286175398199842, 0.688578525133921, -1.6561863916525, -1.50554891346205, 1.02106125345601, 0.606589697091131, 1.96248228026343, 0.0327143325573603, -0.179097196521799, 1.1169760966, -1.16498991888086, 0.566700298236996, -0.529835781634713, -0.412747380920785, -1.42156663202466, -0.476373040215834, 1.38465684925477, 0.727468988237908, -0.875666688816236, -0.392345671067068, -0.381793078447732, 0.704174412568719, 0.309279738145098, 0.998938537686915, -1.90558265003834, 1.55881215823644, 0.438317632619606, 0.186854048782463, 0.280691350268871, 1.44414882812714, 0.108219151220624, 1.71075104704792, 2.51760520044614, 1.03740368693594, 0.623568871208139, 1.01538510129662, -0.133696121925498, 1.63585307514067, 1.10740598690729, 1.2688029402487, -0.384612873830638, 0.048864502742571, 1.62863768597005, 0.0318681943596987, -1.7135488092569, -0.231658255391069, -0.895412543947382, 1.83376373190534, 0.682477332344569, -0.345857461714666, 0.443925657710061, 1.33610642736906, -0.0740592659644941, 0.0336293196159153, 0.369234246962382, 0.285823337127152, -0.902740545021443, -0.637177722817813, 1.36180934556473, 0.715420862836014, -0.654811966574687, 1.02926418536765, -0.708669803930315, -0.871479686613269, 1.79489189379498, 0.912330751643775, 0.35761546054089, -1.95390403954822, -0.11904656652329, 0.00675702150700736, 0.155927951573649, 0.690250327297659, 0.505088800006568, -0.529444363200725, 0.938574091712663, 0.402530001174958, 0.0108913439475194, 0.709841443511619, -0.20881489209616, 0.453158006745472, -1.29719646957287, -1.60530313287759, 0.915159392698642, 0.0695330167607162, -1.08929972149559, 0.909143973788102, -0.0413002659073452, -0.284638834960298, 0.864496222340653, 0.301270943950848, -0.796682658655975, -0.708626895561544, -0.13233262205791, -0.871097370440103, 0.141363060010483, -0.514019307755123, 0.0248653842376781, 0.134174530832408, 0.530055540957372, -2.00298794539529, -1.50962019534824, 0.507104861506261, 0.28840758742021, -1.27499214263544, -0.369623935496343, -1.29459651989384, -1.24379731802817, 0.0953401064134325, 0.678963361994801, -0.814239496552347, -1.29745823042034, -0.669953649164864, 1.08452708270243, -0.290802967758539, 0.253421053171933, 2.12877245612024, 0.510545322725227, 0.318574417799627, 0.423957181425403, 0.685522553138661, 0.00902723037809769, 1.77896057956108, 0.146968548865868, -0.298818043070443, 0.323183240381816, -0.680467733822227, 0.109071223422223, -0.392372789187232, -0.919582998296329, 0.477304155666764, -0.384792323704555, 0.379863565457822, -2.30739997699535, -0.424669052891362, 0.502731640592311, -0.369208167122573, 0.911175847930488, -1.16665220850624, -1.45187725007406, -0.278553413893734, -0.23771791933781, 1.03951684825598, 0.520941544512751, -0.328587301316734, -0.758936638355522, 1.30132214813789, 0.153664708331574, -0.0891463359123765, -0.430841991179088, 1.27904619910401, -0.554908226507205, -0.00130396997489876, -0.939437356894219, -0.883815063260257, -0.00601720558802202, -0.3850773529288, -0.538620597266196, -0.286945524215954, -0.490328415029807, 1.66334951036835, -0.951870759899865, 0.994253637610944, 0.523606174967481, -0.447907821353595, 0.0713053984186322, 0.525050381613401, -0.28084357926223, -1.776939582319, 0.308358168534332, 0.717983800789649, -0.486476346734971, 0.131504805059234, -0.112560461831019, -0.398649481927427, -0.71170064561922, 0.877530954653534, -0.632753429436991, 0.322188667732182, 1.35849376858369, 1.05654634835645, -1.84518798110069, 0.540803163776144, -0.906603034781355, 1.61802380870217, 0.305243939704661, 0.642167678519497, 0.216915699478222, -0.0386782939850495, -0.0825116856217582, 1.22408296692897, 0.251732365992947, -0.838405458779853, -0.962307035888462, -0.380327167356704, -1.00901055190203, -0.50198578375508, -0.68311107583129, -0.334032320257214, 0.635801614111876, -0.25252180359938, -1.91412536614451, -1.45888520019289, 0.291262419954153, 0.265211660906449, 0.0289253291323566, -0.879895511760516, 0.388080851611253, -0.983930078474382, 0.060499023341712, -0.386121848173713, 0.371468911478153, -1.49783393171044, -0.722363659742865, -2.12033978747593, 0.111117442202047, -1.43617961154238, 2.25510606441392, 0.764544876877046, -1.5862708662565, -2.43529664374906, -1.12442818599488, -0.752972405839865, 0.385256284276766, 0.358983278300371, 0.521075033653606, -1.11679096348289, -0.719413082143453, 0.0795273707654682, -0.199670628659222, 1.42391577065099, 1.6304713024446, -0.25467647565177, -1.22682115281899, 0.217997252398997, 0.10135184561244, 0.831653874665523, 0.131941364082922, 1.38350862858449, 0.762075309149539, 2.79161854984128, -0.29584808946334, 0.817879336006881, 1.03632700037721, 0.486871163503426, 0.525132646411686, 0.245101343786615, 0.0910411190359024, -1.91248284418909, 0.179124686024103, 0.310175985735937, 0.797829737944618, -0.667707898746198, 0.162267856562104, 0.0422862091432164, 0.672064592805368, 0.269723460903676, 1.01320207487419, -0.94363426583911, -0.657563869192438, 0.0998113146408709, -0.0213316268559906, -0.80736384489487, -0.168774647083114, 1.64037926335256, 0.257328899376421, 0.554689522803269, 0.258045035015419, 0.831303694298895, -1.54964163713089, -1.43183812266324, -1.20150802980709, 0.402886287239444, 0.803828526937074, -0.752449941848184, 0.936456687152537, -0.856313160014081, 0.597697803791194, -0.683193780695874, 2.08232368655367, -0.00975139528770455, 0.736990891169433, 0.104563012412033, -0.59212774852225, 0.480544518070123, -0.0274364993653283, 0.305927261604097, 1.74335567878274, -0.90156683077118, -0.126759565847002, 0.838249190703103, -0.559356855417928, -0.0984593956018926, -0.407680729199831, 0.397626937300553, 0.637024123000254, -0.45824091434652, 1.02579907645552, -0.468837447903562, -0.151806272563006, -0.5823862028022, 1.00784425803717, 1.54063282881234, -0.352977266259392, 1.09034235346014, 0.0573631113442539, -1.12982768658247, 1.26733690115885, -1.18837749457073, -0.31043712246623, 0.98474099892189, 0.581820158154251, -0.614570578868589, 0.937961548802037, -0.483904927937407, -0.888512107316101, 0.91124736937145, 1.05220832399749, -0.626178292602357, 0.51450191006702, -1.69555730283355, 0.457215929988882, 1.40567078712129, -1.16824727869303, -0.791457335960561, 0.00221466449745206, -0.695519811528634, -0.776144427560208, 0.649198033361504, 0.762944361416085, -0.112179955821663, -0.618217245943116, -0.731997040849034, 0.0710835220645423, 1.75083970479317, 0.0342257631155462, -0.440922542436602, 0.0791896508691766, 0.363111693195416, 0.269788846708643, -2.07053639599479, 1.32276236154937, 0.418549643720951, 0.659120894043109, -0.502039888737122, 0.301152811983652, -1.0791177806471, -0.165454468878353, 0.416887611292537, 0.832046810630668, 1.91237268436582, 0.631074812450514, 1.25996271586313, -0.768436940208995, -0.367804461602939, 2.05742275837894, 0.103140238594623, -0.748783521029454, 0.170466341570719, -0.28962970022236, 0.448591543607768, -0.499450924553467, 1.23153719270961, 0.616695610648207, -0.740705371768655, 0.227113657118166, 0.643367422712194, 0.50473702982824, -0.951066960036738, 0.242811239404556, 0.106397682932712, 1.10661631614124, 0.481028964648221, -1.27602251083692, -0.275705235963681, -1.27582621320926, 1.10016978806137, -0.415947228413718, 0.533373596400074, -1.61929667167303, 0.324704237013686, 1.27442016425336, 0.137545462501833, -0.781216186203617, 0.815242375208738, -0.697929798141435, 0.145062626807542, -1.94236395096048, -1.20865549070534, 1.16356350555174, 0.975398425335397, -0.673906154057179, 0.604199760428826, -1.28995389093079, 1.15990631624535, 0.845630262869896, 0.654353477003798, -0.856228979535711, 0.20166666253411, -0.175433590029189, -0.243390370535251, -1.83708778576571, -0.228535639689887, 0.972150242581688, -2.04676089609103, -0.899334156382497, 1.27839282013174, -1.34302908382471, 0.276756443206426, -0.410492347131355, 0.984441567680765, -1.10985971022697, -1.39612763923099, 0.509831181244308, 2.6818589311216, 0.306059019143651, -0.264367247246549, -0.795727547029009, 0.132964720688577, -0.336535780542769, -0.480910219488755, 0.0769320200526784, -3.20184194270731, -0.898138688134155, 0.754873131950084, 0.50303105961443, -0.0623379697518975, -0.487118777333288, -0.879898261780032, -0.357648657639959, 0.562769674296889, -0.672655212167301, 1.08869988336243, -0.622449290371583, -0.863019699138038, -0.749506245334667, -0.903594996571443, 1.80308720888801, -0.0174112350211158, 0.446439631480926, -0.0150349568730535, -2.34934153963528, 2.29553461105513, -0.573417601198502, 2.00659077560565, 0.111532458540169, -0.403383486931646, 0.321241432283975, -1.2281779737694, -0.826861791697248, 0.53724047711439, 0.688630028426027, 2.10149934602782, -0.775638303578531, -1.50931217736747, 0.800050569863188, 0.770503989756033, 0.979265979074568, -1.1394251701909, 1.50156370625076, -0.394809839043706, 0.246011882999924, 0.410391905356055, 0.0631469890903983, -0.516975818942269, -0.738149581728797, -0.0692105444304776, -0.503291385746873, -0.0480091034876591, -0.921210375422497, 1.18619685572647, 0.19775236255254, 0.209465575901788, -3.25198777060363, 0.00989570117485688, 0.0163548801582207, 1.93829684700033, -1.27542446832066, 1.85021417022906, -0.574528942418942, 0.120036957311388, -0.0887026315472982, -0.858424149785842, 1.447678598176, -0.395070212532866, -0.778651685825269, 0.0695349957579213, -0.36491538341158, 0.0732959322614068, 0.840760896771918, 0.479478217095102, -1.05529303246126, 0.505919855270474, 0.495984987381502, -1.6888501054389, 0.488142031791056, -1.03266563265263, -0.605099987684519, -0.63730824819979, -0.318534114548372, -1.18532544244874, 0.698850670343474, -1.56757389821469, 0.193789430690459, -0.982149167708141, 1.25573631646054, -0.211806895537595, 0.106871483083404, 0.379214617691844, -0.832900623006406, 0.0670652653931195, 0.0537227179615085, 1.37575624845459, -0.0036395426960144, -0.347146991954655, -0.708785573114989, 0.447132349227003, 0.440630845106427, -0.558583552299689, 0.563564657964115, -1.58151798990064, -0.217626485093239, 0.294016873841784, 0.345884044944819, -0.922821846203361, 0.358835746369384, 1.12392364321215, 0.349360041679223, 1.57208797708912, 0.468952080385849, -1.65069282313774, 0.137279780474829, -1.11919604822848, -0.276196821762323, -1.26460216670622, 1.06297873324036, 0.496543159252703, -0.948439089331459, 0.187165307648852, -1.01134167482343, -0.270420210284539, -1.00235714730495, 0.242551952591118, 0.465450925158314, -2.03925652786318, -2.75858767651986, -2.0466279843959, -1.63547152690507, -0.185655984914024, 1.39458676483972, -0.0715878893020923, -1.46153646436276, 0.259326411644109, -1.44628930467185, 0.371144826550649, 0.0993156659851217, -1.79181608354204, -0.13864739566267, -0.190048308465196, 0.718344355760064, -1.0188214861277, -0.0814137839072722, 1.09463671817072, 1.95670549112803, 2.66889996874339, -0.361381219393297, 0.607603655374358, -0.0639908391217712, -0.206981838305863, -0.496051800864226, -1.06647633612552, 1.4199677258371, 0.465261052084146, -0.125291667226336, -0.232768151562811, -1.38309902914731, -0.825629999033618, -0.993652635305693, -1.02877011065629, -1.3203013701965, 1.10086781984535, 0.609485958658053, -0.0624014840949993, 0.667230631523074, -1.61774132246303, 0.478577822628632, 0.295539911170527, -1.86963543866692, -0.949094499889524, -0.231796816721069, 0.853943577494915, 0.302372469572736, 0.841850165175118, -1.32986829800489, 0.770565045232734, -0.451993434373921, 2.29272024460192, 0.142393363640977, -0.635935329412501, -1.76451950385298, 1.93750617197391, 0.996839517527565, -0.581334729180528, -1.49250526053919, -1.37362210057142, 2.0503193129972, 1.16045568435034, 0.629423351068402, 0.000681709819669069, 0.193482531636012, -0.295478625443547, -0.583589828973911, 0.468006798359883, 0.157421684743526, -0.276892507829417, 0.528664713683384, -0.606280914609138, 2.19195363072686, 1.36072874236732, 1.64557594166624, -0.793313707727598, -0.34861620052008, 0.442375159736695, -0.272545430212031, -1.59943574139918, 0.0787966026588793, -1.81338919824928, -0.474976303768293, -3.05891473793864, -0.216537575015619, -0.52738964426748, 1.3862657719289, -0.821810153768537, 0.314515429782189, 0.233196802008597, -1.61901411868585, -2.42573738042979, 0.000363158440358747, 1.41727324703823, 0.503368649543769, -0.768070444748601, 0.257188255111635, 0.347244728504684, 1.91279493507181, -0.537682398945628, 0.190291101744914, -2.50424327163604, 0.995452184643336, -0.374436379997008, 1.60018578751167, 1.79072792303185, 0.074535947692894, -0.125025905717246, -1.42088776205585, -0.0238181815317811, 0.830882811324856, -0.24612539964142, -2.00848864869561, 0.357027275628389, 1.55245936323551, -0.87451935830976, 1.44292250398829, 0.479211587944436, -0.422275151468933, 0.102226846330748, 1.0857858330196, 0.278149881488167, -0.732983690283795, -1.02187145248928, 0.830638765568349, -2.59450417752778, -0.295058907327916, 0.32804147685699, 1.29345175140623, 1.12069875854084, -0.678929787647791, -0.0597508440419525, -0.741870790625952, 1.47023804199033, 0.477260854926174, 0.0942197177257691, -0.126223036278275, 0.60192015599727, 1.05992423442222, -0.236731210498295, -0.520599986549262, 0.609856322824663, -0.671962460549138, 0.740498068103898, 0.156286772140297, 0.258133939311783, -0.836968184266128, -1.81234689230242, 1.59557364867105, -1.64379707249781, 0.053113071623226, 1.35397362750144, -0.348396430719344, -0.281690842045497, -1.36504295504986, -0.500159659781856, 0.629051017879921, 0.940954238993761, -0.0528535609408339, 0.689183880908849, -1.04927222559156, 0.725793748664118, -0.169968457781118, 0.856674231399942, -0.11615112251637, -0.918059613837629, 1.25495652418, 2.70999453382781, -0.817434359971454, 0.00738876328162829, 0.0103955432174488, -0.0759188772635946, -1.72307705266629, 0.789231203210928, 0.182348030970881, 0.569725391564383, 1.15729376851226, 0.551777415062383, 2.06966841781712, 0.784658238477819, -0.313767601841448, 1.32001223984713, 2.87926016425702, -0.889905131494513, -0.107645011756804, 1.36882209757795, 1.93385294556849, 0.564305408128886, 1.70672736760621, -1.44216758697332, 1.01430949049613, -0.51079770725735, -2.04846985470409, -0.754297835788531, 1.47627230776084, -1.49501199391039, -0.198383766493507, -0.358269241131823, 0.0372248791423391, 1.71276915484822, -1.55544518107227, 0.573912284404304, -1.01987146932865, -0.053827434068552, -1.11411386648491, -0.143582363504708, 0.799556889529751, 0.257939294417681, 0.222870790527374, 1.04204567038932, -0.259275018359815, -0.525315415652749, -0.584085206150862, 1.50834601157183, -0.0212901915589999, -0.500347923774289, 1.32070874375113, -0.830594042108343, -0.564933233732717, -0.3841431488805, 0.225215943603782, -2.31917021850286, 0.468390098012008, -1.55697051280842, -1.39990329184208, -0.218643175279225, -0.253966236423537, 0.0733674711854721, -0.0443718455637743, -0.0682918100573219, -0.274829666342496, -1.19628369314701, -0.634295410443269, 1.63708641857753, -1.49865637044808, 0.212834148777029, -1.14416968681086, 1.48539212306456, 0.590856704430015, 0.164527583994448, 1.43422520717274, -1.50031918435379, 0.266640523819472, -0.69926184777339, -0.694550634159637, 0.352638530467531, -1.06695052730468, -0.802243197747691, 0.686998858335034, 1.03449054033161, 0.180721647144047, 2.05451884763752, 0.982501656196591, 1.00575529651113, -0.511116081748169, -1.35824101292317, -0.0130772949455512, -1.08617753918892, -0.815223429088515, -0.483768280895868, -0.444717370596805, -0.139343959225048, 3.42932619138289, 0.0123959343848446, -0.34866787483572, -0.0944208179622875, 0.461248545226166, 0.0422690889112876, -0.400358001051018, -0.503204354343735, 0.0743873094797967, 0.233582067081144, -1.49710553450721, 0.260644050156704, -2.69849346062299, -1.22784067595054, 0.771617347560073, 1.0213553218063, -0.415569479205485, 2.08451393951607, -1.5643100298879, 0.269771640342935, -0.110918743121127), .Dim = c(10, 100))
"n" <- 10
"p" <- 100
"rate" <- 0.2
"p_u" <- 102.329299228075


}

######################################################################################################
######################################################################################################
