######################################################################################################
######################################################################################################
#### JAGS model file written by runjags version 2.2.2-5 on 2026-03-25 20:07:20.343512 
######################################################################################################
######################################################################################################

model{
for(i in 1:n){
# Log link for the model
log(mu[i]) <- inprod(X[i,], beta[])
prob[i] <- phi / (phi + mu[i])
Y[i] ~ dnegbin(prob[i], phi)
}
# Laplace spike-and-slab prior
for(j in 1:p){
cat[j] ~ dcat(c(r/2, 1-r, r/2))
slab[j] ~ dexp(rate)
beta[j] <- (cat[j] - 2) * slab[j]
}
# Prior on r, r ~ Beta(1, p^u)
r ~ dbeta(1, p_u)
# Prior on phi 
phi ~ dgamma(0.01, 0.01)
}
#monitor# beta

######################################################################################################
######################################################################################################
#### Initial values 
######################################################################################################
######################################################################################################

inits{
"cat" <- c(2, 2, 2, 2, 2, 2, 2, 2, 2, 2, 2, 2, 2, 2, 2, 2, 2, 2, 2, 2, 2, 2, 2, 2, 2, 2, 2, 2, 2, 2, 2, 2, 2, 2, 2, 2, 2, 2, 2, 2, 2, 2, 2, 2, 2, 2, 2, 2, 2, 2, 2, 2, 2, 2, 2, 2, 2, 2, 2, 2, 2, 2, 2, 2, 2, 2, 2, 2, 2, 2, 2, 2, 2, 2, 2, 2, 2, 2, 2, 2, 2, 2, 2, 2, 2, 2, 2, 2, 2, 2, 2, 2, 2, 2, 2, 2, 2, 2, 2, 2, 2, 2, 2, 2, 2, 2, 2, 2, 2, 2, 2, 2, 2, 2, 2, 2, 2, 2, 2, 2, 2, 2, 2, 2, 2, 2, 2, 2, 2, 2, 2, 2, 2, 2, 2, 2, 2, 2, 2, 2, 2, 2, 2, 2, 2, 2, 2, 2, 2, 2, 2, 2, 2, 2, 2, 2, 2, 2, 2, 2, 2, 2, 2, 2, 2, 2, 2, 2, 2, 2, 2, 2, 2, 2, 2, 2, 2, 2, 2, 2, 2, 2, 2, 2, 2, 2, 2, 2, 2, 2, 2, 2, 2, 2, 2, 2, 2, 2, 2, 2)
"slab" <- c(1, 1, 1, 1, 1, 1, 1, 1, 1, 1, 1, 1, 1, 1, 1, 1, 1, 1, 1, 1, 1, 1, 1, 1, 1, 1, 1, 1, 1, 1, 1, 1, 1, 1, 1, 1, 1, 1, 1, 1, 1, 1, 1, 1, 1, 1, 1, 1, 1, 1, 1, 1, 1, 1, 1, 1, 1, 1, 1, 1, 1, 1, 1, 1, 1, 1, 1, 1, 1, 1, 1, 1, 1, 1, 1, 1, 1, 1, 1, 1, 1, 1, 1, 1, 1, 1, 1, 1, 1, 1, 1, 1, 1, 1, 1, 1, 1, 1, 1, 1, 1, 1, 1, 1, 1, 1, 1, 1, 1, 1, 1, 1, 1, 1, 1, 1, 1, 1, 1, 1, 1, 1, 1, 1, 1, 1, 1, 1, 1, 1, 1, 1, 1, 1, 1, 1, 1, 1, 1, 1, 1, 1, 1, 1, 1, 1, 1, 1, 1, 1, 1, 1, 1, 1, 1, 1, 1, 1, 1, 1, 1, 1, 1, 1, 1, 1, 1, 1, 1, 1, 1, 1, 1, 1, 1, 1, 1, 1, 1, 1, 1, 1, 1, 1, 1, 1, 1, 1, 1, 1, 1, 1, 1, 1, 1, 1, 1, 1, 1, 1)
"r" <- 0.005
"phi" <- 1
".RNG.name" <- "base::Marsaglia-Multicarry"
".RNG.seed" <- 5
}

inits{
"cat" <- c(2, 2, 2, 2, 2, 2, 2, 2, 2, 2, 2, 2, 2, 2, 2, 2, 2, 2, 2, 2, 2, 2, 2, 2, 2, 2, 2, 2, 2, 2, 2, 2, 2, 2, 2, 2, 2, 2, 2, 2, 2, 2, 2, 2, 2, 2, 2, 2, 2, 2, 2, 2, 2, 2, 2, 2, 2, 2, 2, 2, 2, 2, 2, 2, 2, 2, 2, 2, 2, 2, 2, 2, 2, 2, 2, 2, 2, 2, 2, 2, 2, 2, 2, 2, 2, 2, 2, 2, 2, 2, 2, 2, 2, 2, 2, 2, 2, 2, 2, 2, 2, 2, 2, 2, 2, 2, 2, 2, 2, 2, 2, 2, 2, 2, 2, 2, 2, 2, 2, 2, 2, 2, 2, 2, 2, 2, 2, 2, 2, 2, 2, 2, 2, 2, 2, 2, 2, 2, 2, 2, 2, 2, 2, 2, 2, 2, 2, 2, 2, 2, 2, 2, 2, 2, 2, 2, 2, 2, 2, 2, 2, 2, 2, 2, 2, 2, 2, 2, 2, 2, 2, 2, 2, 2, 2, 2, 2, 2, 2, 2, 2, 2, 2, 2, 2, 2, 2, 2, 2, 2, 2, 2, 2, 2, 2, 2, 2, 2, 2, 2)
"slab" <- c(1, 1, 1, 1, 1, 1, 1, 1, 1, 1, 1, 1, 1, 1, 1, 1, 1, 1, 1, 1, 1, 1, 1, 1, 1, 1, 1, 1, 1, 1, 1, 1, 1, 1, 1, 1, 1, 1, 1, 1, 1, 1, 1, 1, 1, 1, 1, 1, 1, 1, 1, 1, 1, 1, 1, 1, 1, 1, 1, 1, 1, 1, 1, 1, 1, 1, 1, 1, 1, 1, 1, 1, 1, 1, 1, 1, 1, 1, 1, 1, 1, 1, 1, 1, 1, 1, 1, 1, 1, 1, 1, 1, 1, 1, 1, 1, 1, 1, 1, 1, 1, 1, 1, 1, 1, 1, 1, 1, 1, 1, 1, 1, 1, 1, 1, 1, 1, 1, 1, 1, 1, 1, 1, 1, 1, 1, 1, 1, 1, 1, 1, 1, 1, 1, 1, 1, 1, 1, 1, 1, 1, 1, 1, 1, 1, 1, 1, 1, 1, 1, 1, 1, 1, 1, 1, 1, 1, 1, 1, 1, 1, 1, 1, 1, 1, 1, 1, 1, 1, 1, 1, 1, 1, 1, 1, 1, 1, 1, 1, 1, 1, 1, 1, 1, 1, 1, 1, 1, 1, 1, 1, 1, 1, 1, 1, 1, 1, 1, 1, 1)
"r" <- 0.005
"phi" <- 1
".RNG.name" <- "base::Marsaglia-Multicarry"
".RNG.seed" <- 6
}

inits{
"cat" <- c(2, 2, 2, 2, 2, 2, 2, 2, 2, 2, 2, 2, 2, 2, 2, 2, 2, 2, 2, 2, 2, 2, 2, 2, 2, 2, 2, 2, 2, 2, 2, 2, 2, 2, 2, 2, 2, 2, 2, 2, 2, 2, 2, 2, 2, 2, 2, 2, 2, 2, 2, 2, 2, 2, 2, 2, 2, 2, 2, 2, 2, 2, 2, 2, 2, 2, 2, 2, 2, 2, 2, 2, 2, 2, 2, 2, 2, 2, 2, 2, 2, 2, 2, 2, 2, 2, 2, 2, 2, 2, 2, 2, 2, 2, 2, 2, 2, 2, 2, 2, 2, 2, 2, 2, 2, 2, 2, 2, 2, 2, 2, 2, 2, 2, 2, 2, 2, 2, 2, 2, 2, 2, 2, 2, 2, 2, 2, 2, 2, 2, 2, 2, 2, 2, 2, 2, 2, 2, 2, 2, 2, 2, 2, 2, 2, 2, 2, 2, 2, 2, 2, 2, 2, 2, 2, 2, 2, 2, 2, 2, 2, 2, 2, 2, 2, 2, 2, 2, 2, 2, 2, 2, 2, 2, 2, 2, 2, 2, 2, 2, 2, 2, 2, 2, 2, 2, 2, 2, 2, 2, 2, 2, 2, 2, 2, 2, 2, 2, 2, 2)
"slab" <- c(1, 1, 1, 1, 1, 1, 1, 1, 1, 1, 1, 1, 1, 1, 1, 1, 1, 1, 1, 1, 1, 1, 1, 1, 1, 1, 1, 1, 1, 1, 1, 1, 1, 1, 1, 1, 1, 1, 1, 1, 1, 1, 1, 1, 1, 1, 1, 1, 1, 1, 1, 1, 1, 1, 1, 1, 1, 1, 1, 1, 1, 1, 1, 1, 1, 1, 1, 1, 1, 1, 1, 1, 1, 1, 1, 1, 1, 1, 1, 1, 1, 1, 1, 1, 1, 1, 1, 1, 1, 1, 1, 1, 1, 1, 1, 1, 1, 1, 1, 1, 1, 1, 1, 1, 1, 1, 1, 1, 1, 1, 1, 1, 1, 1, 1, 1, 1, 1, 1, 1, 1, 1, 1, 1, 1, 1, 1, 1, 1, 1, 1, 1, 1, 1, 1, 1, 1, 1, 1, 1, 1, 1, 1, 1, 1, 1, 1, 1, 1, 1, 1, 1, 1, 1, 1, 1, 1, 1, 1, 1, 1, 1, 1, 1, 1, 1, 1, 1, 1, 1, 1, 1, 1, 1, 1, 1, 1, 1, 1, 1, 1, 1, 1, 1, 1, 1, 1, 1, 1, 1, 1, 1, 1, 1, 1, 1, 1, 1, 1, 1)
"r" <- 0.005
"phi" <- 1
".RNG.name" <- "base::Marsaglia-Multicarry"
".RNG.seed" <- 7
}

inits{
"cat" <- c(2, 2, 2, 2, 2, 2, 2, 2, 2, 2, 2, 2, 2, 2, 2, 2, 2, 2, 2, 2, 2, 2, 2, 2, 2, 2, 2, 2, 2, 2, 2, 2, 2, 2, 2, 2, 2, 2, 2, 2, 2, 2, 2, 2, 2, 2, 2, 2, 2, 2, 2, 2, 2, 2, 2, 2, 2, 2, 2, 2, 2, 2, 2, 2, 2, 2, 2, 2, 2, 2, 2, 2, 2, 2, 2, 2, 2, 2, 2, 2, 2, 2, 2, 2, 2, 2, 2, 2, 2, 2, 2, 2, 2, 2, 2, 2, 2, 2, 2, 2, 2, 2, 2, 2, 2, 2, 2, 2, 2, 2, 2, 2, 2, 2, 2, 2, 2, 2, 2, 2, 2, 2, 2, 2, 2, 2, 2, 2, 2, 2, 2, 2, 2, 2, 2, 2, 2, 2, 2, 2, 2, 2, 2, 2, 2, 2, 2, 2, 2, 2, 2, 2, 2, 2, 2, 2, 2, 2, 2, 2, 2, 2, 2, 2, 2, 2, 2, 2, 2, 2, 2, 2, 2, 2, 2, 2, 2, 2, 2, 2, 2, 2, 2, 2, 2, 2, 2, 2, 2, 2, 2, 2, 2, 2, 2, 2, 2, 2, 2, 2)
"slab" <- c(1, 1, 1, 1, 1, 1, 1, 1, 1, 1, 1, 1, 1, 1, 1, 1, 1, 1, 1, 1, 1, 1, 1, 1, 1, 1, 1, 1, 1, 1, 1, 1, 1, 1, 1, 1, 1, 1, 1, 1, 1, 1, 1, 1, 1, 1, 1, 1, 1, 1, 1, 1, 1, 1, 1, 1, 1, 1, 1, 1, 1, 1, 1, 1, 1, 1, 1, 1, 1, 1, 1, 1, 1, 1, 1, 1, 1, 1, 1, 1, 1, 1, 1, 1, 1, 1, 1, 1, 1, 1, 1, 1, 1, 1, 1, 1, 1, 1, 1, 1, 1, 1, 1, 1, 1, 1, 1, 1, 1, 1, 1, 1, 1, 1, 1, 1, 1, 1, 1, 1, 1, 1, 1, 1, 1, 1, 1, 1, 1, 1, 1, 1, 1, 1, 1, 1, 1, 1, 1, 1, 1, 1, 1, 1, 1, 1, 1, 1, 1, 1, 1, 1, 1, 1, 1, 1, 1, 1, 1, 1, 1, 1, 1, 1, 1, 1, 1, 1, 1, 1, 1, 1, 1, 1, 1, 1, 1, 1, 1, 1, 1, 1, 1, 1, 1, 1, 1, 1, 1, 1, 1, 1, 1, 1, 1, 1, 1, 1, 1, 1)
"r" <- 0.005
"phi" <- 1
".RNG.name" <- "base::Marsaglia-Multicarry"
".RNG.seed" <- 8
}



######################################################################################################
######################################################################################################
#### Data 
######################################################################################################
######################################################################################################

data{
"Y" <- c(0, 0, 9907, 0, 0, 0, 0, 0, 5697, 0, 0, 0, 0, 0, 3377, 2956, 2, 1003853, 0, 3)
"X" <- structure(c(1.69820120844924, -0.145042186635179, -0.714071417876394, -1.00881029939223, -0.5607110209737, 0.247335505276108, -1.17498590549897, -1.46567061880084, 0.95581052936809, 1.56632070231595, 1.62341822192068, -0.512105285637872, -0.411355168602271, 0.320397124915831, -1.42805552359043, -0.90402306775035, -0.026795223582075, -1.61975050531995, -1.55784430889905, 1.74624647182309, 0.990936131873497, -0.87493886218199, -0.928758668292172, 0.499470989789873, -0.263735594134541, -1.26320328583412, 0.594985483564492, 0.234001937718516, -5.34342709388566e-05, -0.34096416270434, 1.67715717751226, -0.368108690809532, 0.935130663997737, -0.99249914822245, 0.976547592630474, -0.627703159764802, 0.939144336980457, -0.339736221049492, 0.453981243084229, -0.105871576760199, -1.27148137986199, 0.321397324818049, 0.348819096434187, 0.411730490741153, 0.186565199485617, -0.156150152937351, -1.65621391403304, 2.20237405600784, 0.312285898478233, 0.0753023125998818, -0.798130840498574, 0.735074462311898, 0.227715194709931, 0.719690547781642, -0.545677224785054, 0.230116470645771, 0.442906618479735, 2.58654381042555, 1.76635703189931, 0.45088498935589, 2.05932188366757, -1.8054044081856, 0.233036762174325, -0.431634908629388, -0.858614326644824, 0.436572506343041, 0.120020342775427, -0.992003774633963, -0.372614083703354, -2.5578552820346, -1.13423645782362, 0.949123284168414, 1.16234627034281, -0.211001176590234, -0.98899054771341, -1.23076253475775, 0.834806922899151, -0.627900359920148, 0.713164145174469, -0.655722123817438, 0.968709350992297, -0.151162562764115, -0.106382188499737, 1.31082988785236, 1.82271794862098, -0.60320896991246, 0.29178089174934, -1.3028943599036, 0.388122251581893, 1.06558368545881, -1.04475864416369, 0.413586208935459, -1.04742006273817, 0.470813400876963, 0.912912482428382, -0.644518861746359, -0.134363401464656, -1.62463266845628, 0.217037252981222, 0.205685606459291, -1.59996258667869, 0.582906153991392, -0.905939585920787, 1.48244994599533, -0.736524320608398, 0.0582479803725331, 1.87837650169613, -0.272342954636975, -1.00207806567406, 0.500591732915279, -0.99825126009307, 0.0981625760430336, -1.109712603817, -0.836610255667538, -1.93651815179725, 1.00398515352246, 1.69427304440697, -0.363061234559911, 1.25010059314543, -0.986371764681865, 1.09662789740475, 0.488597748773561, 0.0829677203016216, 0.370949599951371, -1.54241087329054, -1.39542877831996, -2.41063596078518, -0.0605722896798655, 1.94212302876315, 0.682874981458924, 1.69036879509865, -1.15502266316205, 0.444022552939139, 0.384825314007298, -0.303156770173518, 0.762609660918823, 0.965067646025281, 0.567561532428715, -0.285945784764131, -0.752015313658357, 1.12823012271834, 1.3239474823529, -0.167847454087816, 0.551022571534141, 0.337703110008014, 1.91192796941503, -0.0394952200046164, 0.324433983206854, 1.0853127025947, -0.659749551682787, -0.0727756678065404, -0.796321405593148, 0.286757962567193, 2.09478651314135, -0.6445728466897, 0.310561154148664, -0.983785525513974, 0.673229166690648, -2.0196932857433, 2.36482248119319, 0.0479511315170231, -1.00161766051804, -0.936580071854457, -1.37595862563939, 1.208259646528, -1.08325280896421, -1.8884287876455, -0.551849579624574, 0.0644640432979875, 0.770772329670844, -0.982468399677669, -0.369508853329071, -0.0795813917688208, -0.0530082639932015, -1.01721778116378, -0.184555227194744, -0.323654438741165, 1.48610052561324, 1.32823644157834, 0.813949639155541, -1.58709713154832, -0.413763248440431, 0.770536709230552, 2.51763559501194, 0.170934716479013, -1.4152985679211, 0.574445730417068, 0.865937625689968, 1.73481717671773, -0.67242316277521, -0.0397251232560731, -0.453393513402811, 1.29551882847551, 1.04716800582405, -1.19542573315939, -0.379043335529749, 0.577110180761615, 0.0943615279970697, -0.128823935959947, 0.43624374528203, 0.528562838698859, 0.359658229782265, 0.437856780395447, -0.512099444444431, -1.10394628645907, 0.474240473826835, -0.105789890333871, 1.11587184021155, -0.524128464361157, 1.06856564473155, 1.13995357311295, -0.547787779762025, 0.860996376152649, -0.694405124185143, -2.57007020027156, 1.58455052566232, 0.119735644123104, -0.350248273716281, -0.509041654582372, -0.0968359741367213, -0.00916754420349008, -0.556105486306438, 0.529291456688415, 0.314274691692858, -0.503002362176577, -0.934642271587648, -0.125854393265389, -0.305010731021469, -0.954184769947303, 0.203218170980907, -0.120620134286693, -1.01748373667001, -0.377411084062293, 0.600576379610216, 0.576696754811228, -0.12324042492517, 1.69822105311937, 1.06124177535533, 1.18791689258267, -0.651671610424509, -1.67397550412554, 0.469295422783121, 1.4885914062473, -0.829590883770773, -0.754816954760766, -0.162930396402099, 0.352498702652186, -0.248014623023354, 1.61739708473849, -1.01922312926631, 1.02252683918219, 0.442617333325429, -1.22117719753733, -0.531186718264612, 0.233029383302892, -0.453012403715855, 2.20026998893415, 0.264610974750101, 0.519970012113877, -0.412127134337795, 1.02743918944098, -0.458269195617483, -0.482211932375754, 2.06866287524056, -1.6557003761667, 0.395192474285404, -0.814067408902375, 0.218873395746505, -0.226340503228308, -1.76430229183262, 0.888259406542741, -0.098131183670072, 0.0819953345743552, -0.666778026843725, 0.861499646945183, -0.448306193800742, 0.660578386673515, 1.48606634405819, -0.718634723313342, 1.14867907699934, -1.3356142407021, -0.708042542457271, -0.37632460737277, -0.624304106874001, 0.879536576957739, -1.51924437470872, 1.15462193810117, -0.616508932549376, 0.564358022528547, 0.254404870316395, 1.14223006618368, 0.148781820323511, 0.750239451683442, 0.683492500273141, -0.0141791629772762, -0.626444423457538, -0.304923266127883, 1.49065753934761, 0.0247860405394847, -0.348937906585925, -0.232709219837363, 0.426191168347092, 0.212013269628015, 1.30107197642747, 0.313396111865719, 0.176012863312954, 0.271809839296193, 0.419395686706845, -0.238385460278895, -0.0424343793739628, 1.99149212982661, -0.947811534714091, 0.224899389215071, 0.0351125057191632, -0.00566252383506349, -0.0837918182120471, 0.682983391883644, -0.519258774910466, 0.162910798875933, 3.12427810850906, 0.535195078888127, -1.05751069044966, -0.715099569618972, 0.271854522444805, -0.575910064104761, 0.522344189267707, 0.539984040358213, -1.5426346480972, -0.731684691091917, 0.262268325259894, 0.466571242368551, 1.07045028651699, -0.11372947025654, 0.650185988081683, -1.56806924537278, 0.536057061678538, -0.0299172180818734, -0.231667045903142, 1.10024918243702, -0.260723941790871, 1.1933305695692, -0.250059015268966, 1.31138633737067, -0.298912114908407, -0.872078426078833, -0.0824755806416851, 1.35080182587007, 0.901063098567168, 2.89123109006717, 0.719332905438449, 0.366626291141813, -0.405036110892091, 1.04855973799806, 0.151515843034347, -0.398339744278261, 1.60593751038204, -0.437163091534231, 0.553313146033448, 1.3042461838748, -0.243085116445567, 1.04374740673729, 1.36310183854624, -2.17710757613071, -1.07479543782256, 0.38872898914977, -1.76712855167163, -1.41128592188525, 0.270960503212874, 0.0354687317630723, 1.12562848769712, 1.48549507724024, -0.277239700054883, -0.716856835126025, 0.756788059277429, -0.104053541620936, -0.36715567123401, -0.261612325078188, -1.45474058346992, 0.0911701992545118, -0.531563469774957, 0.291064793980607, -0.626751815153942, 0.00590996915180608, -0.0275971818349066, 0.938687504809796, -0.639950155750031, 1.01290960821899, 0.943379385834659, 1.28704999765802, 0.74684588042326, -0.120326310548601, -0.606813496548011, -0.18877668522794, 1.84007466732757, 1.01797963440834, 0.74700089175641, 0.430678925658049, -0.798801486432162, 1.6712518386639, 1.27926531488843, 0.246156050187982, -0.417727007915835, -0.437417143141724, 1.68624100476234, 0.744174087315833, -0.695173762869855, -0.328300616281571, 0.593014618478897, 1.04114174801906, -1.31374570524666, 0.649915882749349, -1.52286498421183, -0.20083383854468, -1.46965894777897, 0.640666159274786, 0.702675329011885, 1.41425892078463, -0.582831128531282, -0.732030575807053, 0.268951350413804, 0.392791716115415, 0.124871711586976, -0.34444406601763, 0.0132989019650266, 0.857152428901921, 1.17508423231292, -1.4713207744942, 1.09392148057503, 0.353626409962022, 0.917314200242283, -1.0089037063325, -0.63727882187034, -0.584795155068645, 0.412150812523879, -2.06641714866693, 0.294210710794073, -0.148830575231075, -0.566810476645843, 1.17992378532248, 0.463380756509516, 1.95795570857894, 0.263088576250854, -0.279087450652899, -1.5210291088704, -0.698284495320754, -0.107621595742573, 0.239246066178455, -0.448692285934973, -0.516638283750723, -1.38781715383636, -0.75202630793345, 0.239304924805013, 0.578991025218739, 1.13068079795287, -0.199115391969674, 0.705838146568012, 2.05904927981562, 0.108704351387798, 0.0880277594265192, 1.39694203801822, -0.541023734157073, 0.261109117219658, -0.159672174354916, 1.80118769316552, -0.222083094165041, 1.95278140177251, 0.687837009189437, -0.618571254292914, 0.209159647992788, 0.787015398709361, -0.342813233942396, -0.358912114147347, 0.526412975651608, -1.34126721422818, -1.88960390075231, -1.57913026411515, -1.71197236897006, -0.290207550247057, 0.854263429859711, -0.474475470129724, 1.10177145225319, -0.57916453935361, 0.0898163978758153, 0.362927146690213, -0.63792592161911, 0.235119227741801, -0.360530393978144, -0.501421675575757, 1.80757367879733, 1.4095559699684, -0.843252942104895, 0.0826136808736672, -0.00447223176493609, 1.22614498213734, -0.0034609935184751, 0.379990810979297, -1.15926559268029, 0.511630763077734, 0.334271846422644, -1.30326650529029, 0.155448315923099, -0.0857040472764915, -0.871444118614556, -2.20066473255456, 1.12688401948128, -1.51997109028037, 0.198417354047046, -2.70143448130644, -0.149778354904789, -0.161063688552173, -1.56394190379702, -1.45195520292617, 1.39807601135416, 1.56126069466782, 0.354545138470605, 0.480379567339995, -0.467346310902081, -1.03717503558848, 0.786444125879493, -1.31366715858243, -0.424512669998469, -1.25545592167168, -0.492285540488936, 0.24091789054183, 0.864522087996953, -0.372341211674319, -0.358549586084884, -0.894096137234452, -0.180559741409608, -0.515371969186332, 1.1115710042133, 1.48931430785378, -1.24690321855246, 1.93148234806897, -0.488770496808693, -0.256302839051204, -0.136791825938021, -1.17980608431519, -1.43536355365316, -1.62853852925665, -0.841909763848139, -0.947176716146567, -1.51851279447559, 0.972740031759055, -0.737867210489791, -0.582842891892808, 0.249152473054926, 1.58571338408838, 1.41565124982444, -0.279665028038036, -2.14845576753634, -0.541761331412807, 0.139572233754902, -1.01178469754936, 0.00175415728445202, 1.83682116005436, 0.192828961603816, 0.266745504125555, 0.642040814633629, -1.3103686323765, 1.64783947396924, -0.744636468230206, 0.435106202796829, 0.296554340931837, 2.40958907213484, -0.160341069057811, -0.163789417196728, 0.859751017787564, -1.6273217736625, -0.330689959885286, 0.0935940406381955, -0.371402784165329, -0.550140495937657, 0.0721622764070419, 0.803993511243143, -1.18677819031571, 0.405843934506049, -0.533671125571463, -0.733619106716261, 0.655231097431252, 0.189988713621984, -1.53278008843157, 0.827713100939383, 1.29185688267626, 1.15002419984899, 0.431502261878184, 0.773127811235544, -0.315190842144218, -0.712072181097574, -0.553217500358027, 0.53978094859646, 0.170892658073001, 0.478472439373883, 0.713234052085252, -1.80968638763631, -0.217361353284208, -0.647545592146973, -2.06298799845391, -1.56938780324233, -1.44008672766717, -0.233436209132843, -0.702476369114842, 0.35654137539631, 0.554379173192354, -0.392316898320034, 0.124862755558966, -0.508175977582869, -0.00985583862285722, 1.32306521374383, 0.276480018118636, 1.39670498069027, 0.0775530877257641, 0.339211122956458, -1.69730168995626, -0.799157652798135, -0.201428377306917, -1.18050785701387, -0.0500523021715543, 1.34069835781568, 0.984328471708005, -0.901621322263249, 0.286770850293157, -0.72256007275346, -2.11341835529983, -0.294108178557856, -1.03960231235858, 0.934556863832795, -1.24505758354803, 1.49826874972828, 0.161978827562603, -2.42934651543925, -0.274551932652364, -2.34125564078706, 1.31801312627573, 0.670654557687623, 0.268080055513925, -1.75735222405187, -0.633147875393105, 1.09194912794528, -0.847813902632157, -0.231348018291075, 1.20977574762755, -2.18478943004672, 0.926404587853366, 0.18654480777716, -0.300464831900651, 0.903865697904788, -0.24441949689442, 1.8903208515319, -0.228985479846459, 0.831204207074234, -0.677785923064971, -0.964915408863789, 0.349769906418148, -0.815338122414643, -0.333088233824207, -0.670274680693757, -0.0675665555145337, -1.20088232251315, -0.416302172134697, 0.803222074749879, 0.258227075449727, -1.44190700001663, -1.92464001983352, -0.625118727258628, -0.925513524313158, 0.365889217832283, -0.566852381646777, -1.9028194813982, -1.07782829092838, 0.208203986142975, 0.361676704251112, 0.278742168245306, 0.0217176913464399, 0.655721464545608, -1.01182881893863, 0.740597571187638, -0.139763191229398, -0.381417998358269, -0.186430248151782, -0.0303047607235882, 0.496196731371651, 0.276769695580262, -0.864520508420636, 0.404542642622758, 0.209965917506879, -0.625972847153304, 0.361017254450936, -1.01690136226556, 0.219375732170568, 0.0271516358416077, -1.09968544989629, -0.317269651373678, -2.65837844759124, -1.10311187700807, 0.0686727800198992, -1.20024080710206, -1.75036543302932, 1.10335171298035, -0.0355226305579975, 1.31054251929464, 0.22237046983239, -1.00170454099934, 0.29148710228657, -0.306028557218084, 0.418746052087521, -0.255435751976631, -2.00984196054164, -1.47732439176685, -1.22666089911127, -2.86214651467989, 0.256442199612602, -0.854571032750604, -1.92920107209959, 0.653799619326576, 0.36014559705283, -0.480759280502022, -0.709958562322139, 0.795008622377498, 0.607642016914163, -0.0797984970273912, 0.159489080421859, 1.63762016952213, -1.12531193331022, -1.13000227498757, -0.693829419761615, 0.407077378865454, -0.0542257288518934, 1.24573611927341, -1.27101016815083, 1.0674179954792, -0.16925954856256, 1.02419542367132, -0.687818923862908, 0.158834060701559, 0.598172122804843, -0.499597356779181, 1.51287943403819, 1.5179860088806, -0.561115006959648, -0.725755383302307, -1.23524204785429, -1.65092463617355, 0.101063113643909, 0.220185847072838, -0.148783022460563, 0.733197539664472, 0.67984220142662, 0.186598204867292, -0.575584350548478, -0.555473161052846, -1.4074635790668, -1.17301189575723, -0.0832235987248472, 0.588004933264865, -0.2504634605103, 0.286891382912352, -0.495880207372495, -0.46310080216092, 2.23093425052548, 0.569591325838414, -1.10902049510365, 0.62136016469933, 0.233414852586788, -0.12557317287697, -0.469462471128639, 0.703642815411615, -0.256695135178335, -0.199398364280486, -1.48741307323639, 0.241398173030746, 0.658601518463925, -0.376015727336938, -1.03632349285046, -1.09302139013864, -0.626112363603434, -0.748487670061021, 1.2897269705127, 0.0782399196628593, -0.86448112347432, 0.0216636159436255, -0.735871402727182, -0.271342424368926, 0.0884193348564441, -0.568037730981378, 0.706736990453866, -0.243479978621537, -1.60927573124519, 0.696853839782031, -0.115291658592721, 0.474735715615341, -0.575107470028826, -0.861384373064969, -0.0133190225296819, 0.429707638333557, -2.00482294958814, -1.38850610606974, 2.02216578477028, 0.760396906683501, -0.294522020883833, 0.294105938148305, -0.560954130320328, 1.66240618333343, -0.637579822000905, -0.441937261614287, -0.422782865777384, -0.590713066333788, -1.69623466885055, 1.47571224942314, 0.874009456905373, 0.475703603249511, 0.438618422650095, -0.154277117680624, -1.25877004849248, 0.526299895864363, -0.421111397960965, -0.460583325977532, 0.59969301261842, -0.79530741261721, -0.107272264089777, 1.15889222872379, -0.276407622610701, 0.0386516602979417, -0.121338476985131, -0.96002771950182, -0.480469468399004, -1.75800116234567, -0.656401592893163, -1.2908434951546, -0.478020938896475, -0.897822641391317, 0.514866204824777, -0.356370509217052, 1.96258064816955, 1.10549096479916, -0.36435801335535, 0.770223297140089, -0.739201302631125, -0.446612402573947, 0.724017424016484, -0.044212766086623, -0.631402021945839, -0.350419100832763, -0.208279763839697, 1.53193702483082, -0.603002249568885, -0.553690022859557, 0.0971574697150399, -0.09528735496234, 0.765119124564281, -0.0228185669532254, 1.93012078107688, 1.80970683040925, -0.980459521621953, 0.610882496529562, 0.33185531712001, -1.28496039110135, 0.921564405143252, 2.25225590693563, -0.681137723815508, -0.990857258499525, 0.189067239763498, 0.498273288154308, -0.292562839472067, 0.470188217044841, -0.876654103529732, 0.0314009709359198, 0.485301480615128, 0.314862078384868, 0.436820496482678, -0.548856892388919, -0.644826968090987, -0.399378060153086, -1.47939018756629, 1.001732735018, -0.335771974049529, -1.01603798963961, -0.328954015356324, -0.171043281482122, -0.298169081238379, 1.20174386779768, -0.0409125767723266, -0.327796162558553, 0.0288128110568732, -0.594852401303157, 0.863843224197427, -1.30537397671224, -1.02689760302226, 0.866110232826729, 0.472074822926375, 0.820403714044594, 0.937836889907723, -1.75556043938189, 1.71316106380998, -1.35803139111029, -1.84410565685767, 0.0910351255025561, -0.50634658116159, -0.684316445470222, -0.730508311652261, -0.858125968366348, 0.0584158865685377, -0.189999718952058, 1.79309962273594, 0.25549127900978, -0.787417884367361, -0.885012142690128, 0.185480712839603, -0.622525690286236, -1.10574556881523, 0.0922554591640359, -0.722550358142094, 0.93776889807803, -0.960657336150474, 1.78291807133896, 0.456529163604373, 0.46726744115045, 0.555760707383525, -0.136520140073703, -0.617689647097532, -0.247516211949867, 1.05965286277533, -0.566378390470383, -0.0497051484295212, 1.57842907393144, 0.750873108647161, 2.03505879186561, 0.686876006972498, -0.868997872708034, -1.16164171412029, 1.515046765792, 0.525033252409234, 0.242154975846996, -0.752436348996454, -2.12831793681033, -0.242408568256982, -1.11599290138549, 1.04331883527042, 0.457987610309796, -0.698067873198098, 1.14598159966652, -1.36658194098274, 1.43604047976729, -0.447700634568914, 0.307905966475101, -1.12830829523435, -0.645330007405009, -0.636717042627671, 0.186061687606823, 0.3272600949772, -0.127990322192164, -0.0013965850665002, -0.23531441948596, -0.192783804649471, 0.461321607312034, -1.6992299048006, 0.298597889212562, -0.32637311968405, 0.930348000765835, 0.671496341870039, -0.0868651368918491, 0.926008623894767, -2.16407705578197, 0.138684888471176, 0.430513022886786, 1.03491260347765, 1.37608952907249, 0.338100794931099, 0.665382435996748, 0.731255184648478, 2.91360352186224, 0.0280702998541241, 1.24214280260055, -0.803841700631008, 0.7267400630668, 1.26381883082837, 0.680114613759418, 0.386311543505089, -0.653300143012945, -1.65716627614768, -0.244911194015509, -0.0285503161024755, -0.2067093282663, -0.502131362309666, -0.156488901392352, 0.2092013811347, 0.602857383773883, -0.77883530869804, 0.301113454922281, -0.501483894738147, 1.45963216512581, 0.716272784798943, 0.0188076432104846, -0.60536954481081, -1.93531139059656, 0.442057392458562, 0.166321133678139, -1.04670956245388, -1.58018415933382, -0.0254653209866649, 0.0675623369610492, 0.26277917024894, -1.46446187646282, 0.147520843522953, -0.0483552837911328, 0.276632600090735, -0.917357699434801, 2.02440131893659, -1.92555735603695, -0.245159395260231, -0.480892469627329, 0.901551511466833, 0.465807169784374, -0.485193873299273, 1.43477165682253, -0.708425972927532, 1.1226560756184, 1.10778154335901, -1.01718015832049, -1.53180595084294, 0.994401386391369, 0.41188702189086, 1.05259828624068, 2.18499389845725, -1.39395041928924, -0.621543160706575, -0.134666928519412, 0.00770912649431936, 0.585409975666314, 1.25940002932129, 0.651935180526475, -1.43017568351453, -0.421484988639107, 0.0747074368568802, -0.689145085474102, -0.727095580102936, 0.0616311186554872, -0.160024111205299, -1.28099450485504, 0.385972020629541, -1.32488164288985, 1.99210415866672, 0.746685077341433, 1.03179965491785, 1.39946548887831, 0.759778277621958, 0.775889468102291, 0.397807900964912, 0.879002073482859, 0.246268552689684, -0.59505192153751, -0.809341863701125, 0.415178720670262, 0.155407626411141, 0.541561562955424, 0.811729039382482, 0.117462746850679, -1.45230429317003, 0.300816049785701, 1.51184058581023, -0.210622103259737, 1.12075314134225, -0.558840018805498, -0.798436615512947, 0.771480388062696, 0.250830781422681, 0.371383479352413, -0.353019325798786, 0.357475285533151, -0.444011411611482, 1.46781804365159, 0.641686253208276, -0.602946382144169, -1.12569807253318, -0.30329376003865, -0.759585883330571, 0.0410060001634505, 0.366712163210147, -0.396751825986532, 0.359439901036162, -0.535096154113977, 0.998518826419475, -0.462017041323528, -2.27881609063295, 0.233012396559909, 1.76218394475275, 0.411794854006948, 0.244536221972312, 0.710599104770776, -0.132838909302708, -0.865391686509519, -0.557275405852884, 0.438533190462365, -0.433005133357358, 0.18320175474881, 0.794574073811, 1.41340018004188, 1.22872438077354, 0.653910316788077, 0.798273625127148, -0.152864738337363, 1.05408754141546, 0.481406765795035, -2.61156928516304, -0.659878202743189, -0.30054949986028, -0.0416847386672802, -1.7519207107412, 2.87843152940579, 0.755392541703159, -1.72185700604918, -0.914069672816076, -1.44465026377279, -0.676133768221326, -0.00326631013223236, 0.476140365244033, 0.200381317176307, -0.595093347273769, -0.141358745956861, -1.24018230330837, 0.662716025619554, 0.31324872204117, 0.199861761055114, 1.23185268734721, -1.04104477415891, 0.860756469348903, -1.39483520153948, -0.771663307320167, 1.15184683693875, -1.15004578221041, -1.79262240640637, -1.34078934862127, 1.38863121092882, 0.444938493437438, 1.93133679167405, 0.169413629831661, -0.783747602868031, -0.64812222925383, -0.96304652721097, 0.522482181639924, 0.211519286471268, 0.513476297711577, -0.985089254495457, 0.294441616668951, -0.287201371727967, -0.0835927347122459, -0.495493075594542, -0.212057013043832, 1.08172627704996, -1.03420812109325, 0.218799957825929, -1.65301951340633, -1.88051289941792, 0.070573127482065, 0.585116024001188, 0.525379668465578, 0.389243868730751, 1.3676211492105, -0.916464361992234, -0.267832368245656, -0.112469698415545, 0.2891288001061, 0.592408139782877, 0.141913399079973, -0.667621187247098, 1.84337817817015, -1.65291860413602, -0.184648597166867, -0.610225660129485, 0.644599754922942, -1.28074318180237, 0.344456139725532, 1.28086962216897, 1.14310274740299, -1.55671304393506, -1.51305686451779, -1.29237961012329, 0.539972336522249, -0.397885941917019, 0.505147348635323, -0.571744424056423, 0.630687791305499, 0.597016514609388, -1.00021314786653, -0.862993775082307, -0.312664149042403, -0.655336713911027, -1.38209020079112, 0.290763188718252, 1.11421106722753, 1.93682675372491, 1.28302169553995, 0.725611061540669, 0.805629714556969, 1.33858107232702, -0.626506627284168, -1.19283483966097, -1.20648654094464, 0.495467643436346, -1.025958400697, -1.39859436605527, 0.491054565982415, -0.223762022432424, -0.496864809143467, -2.14371927617603, 0.48628130288807, 1.98163589219823, -0.471296436053243, -1.22351563167878, -0.0597365436372916, 2.43750097792277, -0.736066749904784, 0.12523333490484, 0.412521167786663, 1.05174538216682, 1.43437850668017, 0.73155321406491, -0.189027488914022, 0.74226658527013, 0.5800770912554, -1.18523191612019, -2.6146214387662, 0.0905414608286841, -0.334895861129991, 0.953990975120717, 0.903523318565211, -0.0655196073067286, -0.966176429645844, -0.151704073909001, 0.0452981225066815, -0.61206486159308, -0.315001755967921, 0.0171108190914967, 2.14352198814087, 0.422895033056603, -0.176973118004459, -1.14332450677812, -0.355000216746282, -0.318918316589886, -0.552934977573294, 0.710718703798569, 1.00437731844121, -0.490994814643115, 0.427217427412209, -1.19475748989033, -0.720933795388096, -0.281746111744902, 0.959324386821324, 0.94184859160884, 1.28068816007249, -0.147463823066908, -0.0946587824901018, 0.797865565394254, 0.517247025548779, -1.11137863343705, -1.19127908274625, -0.625141395285371, -1.85651954410409, -0.550754139770081, -0.202890453234191, 0.0778369978494565, -1.89762251606206, 1.44430071926587, -1.03976363735569, 1.55784801837807, 0.489905264164181, 0.0499399690016698, -1.84767927484557, 1.28017305500242, -0.558889011958855, -2.18310182400503, 2.57744600837043, -0.998232181899267, 0.565721208145905, 1.0408717340747, 0.811024480305429, 0.00145485671258555, -0.430915089218087, -0.421575284856697, -1.10552189770016, -0.526540205330375, -0.774438041823888, 0.85569437130418, 0.270978586785438, 0.459034009822417, -1.14110153753778, -0.656912005581998, -0.705125049524917, 1.24307112430875, 0.0793191423576475, -1.51599668954603, 1.21718966016347, 0.199372894181471, -0.808977951718251, 0.152090813328758, -0.225366714052496, -0.151425043883405, -0.513794648322246, 0.697810941595905, 1.42959558269613, -1.00667477823201, -0.0571425516624748, -0.79790340259702, 1.35163529722831, -2.16685282253402, 2.36277758773148, 0.510610322346052, -0.99762610374962, 1.19415335563337, 0.397736152517433, 1.1004427888049, -0.980539169596474, -0.269853667861222, 0.0671498340683757, 0.84446893618102, 0.592463489635409, 0.279466001284345, -0.765840030824447, -0.935181607988931, 0.577305388228158, -0.0232452455934313, -0.64906616816239, 0.19287939468752, 1.21425737064051, 0.00233673533928223, -0.457632346793795, 0.56467606638552, -0.615034236524663, -0.289822032717426, 0.679903168223361, -1.02138763763039, -0.135298558900168, -0.00146267369200669, 0.6316664770072, -1.70728526677104, -0.0353953704400859, -0.131068852130057, -0.0115237521231389, 0.260615988751515, 0.354209984338534, 0.052438341106991, 1.0375743494987, -1.64051113809167, -0.285024881351278, -0.795639826775718, -1.13996255999323, 1.0571554194678, 1.11013543708705, -1.56964399998203, 0.0959524324256238, -1.10142465536187, -2.22077159489365, -0.700539217109569, 0.0949472623955009, -0.197059159776935, 0.429258324798364, 0.555862272308429, 0.432788708943943, 0.692844317121581, 0.303414425945994, -0.451923685465629, -0.744189808265867, -0.917645210995978, 0.188460039892615, -1.35869103342318, -0.283555371761592, -0.717313747982818, -1.8919163209302, 0.90957031850307, -1.51927448100729, 0.84443854535938, -0.493971729190558, -0.295775552731583, -0.0217929071428322, 0.84626635177459, -1.15344098666376, 0.186872125241395, -0.358603318444641, 0.0769758672565187, 0.882730428787467, -1.03303196660927, 0.661323301686241, -0.709886518683668, 1.4466073004821, 1.75814308509423, -0.575470290410367, 1.96367528520126, -0.957812702841963, -0.933664291275779, 0.255000940288928, -0.429149637028559, -1.54147722114254, -0.48307663448956, -1.65371163415208, -0.354842883317502, -1.82723767742345, 0.669684241226091, 0.887761710397836, -0.0219902698074186, 0.167505701891178, 1.72583718230604, 1.36343757717921, -0.735486921432382, -0.92067160804623, -1.15850055114918, 0.258404744688825, 0.49088863949088, -1.43603866669034, 1.49261438231278, -0.0209513536093759, 0.319060237932511, 0.218855803750548, -1.00797176949741, -0.518611214055337, 0.0268918653221147, -0.338061881219524, -0.100126905196701, -1.08421525881397, -2.44466381689049, -0.971370558220573, -1.09951249754645, -1.02176740176597, -2.08086127030108, 0.45025785040421, 0.477931636870376, -0.0171448950214884, 2.04089733144104, 0.621896916516812, -0.152371912922938, -0.0152585725172895, 0.224121121719898, -1.14966072454082, -1.17628744631343, -0.179859347870958, -0.381742543567029, -1.88077776043871, 1.06511870929824, 2.05583220807487, -1.00887304599568, -1.16647639338873, -1.32998646516629, -1.05733111038156, -1.77076004147614, 0.18328378420084, -1.76889912032346, -0.0417212504947226, 0.154839012036766, 1.00969696922283, -0.287742764183829, 0.729767922050425, 2.25709602628992, -1.10447087625517, 0.277940628388927, -0.0931609981975449, 2.03631818812912, 0.344256837284092, -0.179736026495027, -1.43088207503729, -1.48873781556463, 0.0719159801198602, 0.249772770153013, -0.572989352418932, -0.714886643422786, 1.04240840571076, 1.56834489830193, -0.332064607485842, 0.148315849108675, 0.528725035213486, -0.474559763273006, 0.857163957186522, 1.03217945487304, 0.88805575080213, 1.15504214809546, -0.92449646337121, -0.188626509285961, -2.08546932199154, 1.41316724174963, -2.06234431993217, 0.215956647750036, -0.0967090949301291, -1.17227810751152, 0.248145796363508, 0.282426793568295, -1.273277401972, -0.613504274109745, -0.102346590724058, 0.189909788527591, 1.73593128901659, -0.54710546997127, -0.30276534089776, 0.439253616415658, -1.55276182065275, -0.496207385884956, -0.810691916876382, 0.705299643374037, -0.790175568374743, 1.69059292438539, 0.399564413232659, 0.157088455897363, 0.904765006089682, -0.438582241569395, -0.967684407359087, 1.22650193489316, -2.25706982945463, -1.07067724979366, -0.793041788169746, -1.65198168200904, -0.901796593226439, 1.20614380431142, -0.849798899497338, -0.665518109060198, -0.323178089600909, -1.25102422059522, -0.0180839400849744, 0.869156447105031, 1.35047278264364, 0.0264812003410568, 1.14160566633719, 0.0323371161228624, -0.500913181439579, 1.02745351061366, -0.0706905325234067, 0.413599805408974, -0.0990412168329706, -0.318390399353338, -0.447845551289319, -0.642196328658843, -1.07530910710405, 0.0728497487730554, -0.227885756458444, -0.248590031971103, 0.395501402061993, 0.360604681556875, -0.179390546636969, 2.34667882903482, -0.654509166679927, 0.140649789122316, -0.542078361217076, -0.135105152220476, 0.363467185009657, 1.04670504461215, -0.462089387544862, 1.48213516857693, -0.825185630174971, -1.21381604035479, -0.815707254105893, -0.392004574226098, -1.02960482600036, 1.864512081548, -1.53825422559074, 1.4420745234061, -0.60359095630622, 1.06924016443414, -0.620924973410753, -1.23696262100879, 0.0259558521110171, 1.58897445923682, -0.706091585663497, 0.941245413568586, 1.34252362494716, 0.0454693740017469, 0.320832893831551, 1.85180256001308, 3.24476984025887, 2.1866477847197, 0.544562672412273, 1.61969218861418, -0.902918944845721, 1.25925325148603, -0.112954712041829, -1.7645562963942, -0.00858685374506548, -1.17384355357858, -1.30063166865243, 0.267771877178651, -1.45112363766514, 1.39083127123966, -0.878139282700889, 0.689830240429364, 0.045929146428543, 0.880602176017942, 0.234473887901849, -1.22519571328689, -0.773564236229048, 1.04219721424028, -1.44903370627788, 0.537013453547311, -0.685639613512968, 2.14085086911218, 1.24152075499333, 1.12318630070805, 1.01035242924897, 1.94166691192087, 0.514770750912826, -0.0353581510526695, -1.71563852236096, -0.273468914177038, 1.68540166648204, -1.46885797991683, 0.582333500142619, -1.30671138970422, -0.607194395927525, -0.494816652233392, -0.794081241689387, -0.564818620551938, 0.819994434805808, -0.649629500975733, 0.451656637486334, 0.680077303255821, 0.752344091498055, 0.142122671682777, 0.493306345462975, 0.193957147346297, -0.739036597747931, -0.72224778504331, 0.786096365779662, -0.471051292103413, 0.215522822298548, -0.247916357652464, 0.323053801700816, -0.678910506730349, 0.372922148979887, 0.311730080093177, -0.338139666959012, 0.114710399992595, -0.628005073305557, -0.497634748457714, -1.49066677099076, 0.979535264656661, 1.34149049388996, -0.20075679123241, 0.215025215967101, -0.437491960835866, -0.336343281254622, -0.165691730828718, 0.682344335620369, 1.46858456755963, -0.646303891134602, 0.489615144450785, 0.904055277677755, -0.0504034850059072, -0.231264041353145, -0.418085951374371, -0.812594547629739, 0.459704767498972, 0.904820033568002, 1.30461673319223, 2.36646763750038, -0.265658646872361, -0.421510551993148, 0.070252228233121, -0.374927316371253, 0.381808650187138, -1.34249589676627, 0.409008086264032, -1.61276054753824, -0.601778974348092, 0.0565468088892401, 0.729132052442021, -0.767427276000087, -0.505190562949989, 0.470730762434604, -0.159279258767974, -1.28634465537382, -1.47992786370621, -0.822879329594586, 0.229133708991591, -0.371141812367766, 1.81875760726744, 0.832649302232825, 0.653930739503214, 1.774763592781, -1.3979842322852, 0.568391089419589, -1.25990485865412, 0.459030850034881, 0.250611274532167, 0.390690085332343, 1.57376372627897, -1.07587964006283, -0.805092927096218, -0.350955166181589, 0.842241636644835, -1.46434458559232, 0.262325274712358, 0.942394810840074, 0.00875129383512144, 0.0397818546052499, 0.973317150763527, -0.598016595025226, 1.20528347535012, -0.791623797093742, 0.297766176477908, 1.04980318247514, 0.747728548141336, 0.490246630326596, -0.590333504377623, -0.465871869744451, -0.702640632903431, -1.14595626951022, 1.62252116415631, 0.065284431513562, 1.42718564507023, 1.09411090586434, 1.06782138980936, 1.89602588846473, 0.554846416448423, 0.883133939273636, -0.869952418389506, -0.349414630489331, 0.619921287936357, -0.00544072472692039, 0.870459427327567, 0.179213702276409, 0.408351714362591, 0.716760799621569, -0.0991871501721961, -0.197691250424707, -0.0192842361323019, 0.371558299391126, 1.37529824820662, -0.905824119640856, 1.34867230740052, -0.903710854120779, 1.4927515005302, 1.8284253937158, 0.705145698653606, 1.34192274557592, -0.0940710777637914, 0.428863732345565, -0.078707589544201, -0.52303195845899, 1.43350613684468, 0.726224032900368, -1.31376130142872, 0.952233719079685, -0.997923697323449, 1.29274084448409, 0.420598478468499, 0.51287238510226, -0.392604169972601, 2.34795058244407, 2.02047046360942, 0.509753900913128, 0.61425937892732, 0.484207951128636, 0.0966268278254363, 0.0122574826248742, -0.0769429392854145, 1.37167393604413, -0.434708261980083, -0.89396228903837, 0.842428993630862, -0.781323955462363, 0.504096184898204, 0.153671444693949, 0.943086728551776, -0.742669156640207, 1.61325860190045, 0.891868698510136, 0.236898968805767, -1.42228109885819, 0.912682625529508, -0.884526411887809, -1.79105639699057, -0.289007176594869, -0.605432168806101, -1.09317897463509, -0.547567336823285, -0.471512101626731, -0.299740970540876, 1.12790067629092, -1.182862659382, 0.289096447813082, -0.501694869166828, -0.298448524654112, 0.334405538569772, -0.724789275716032, 0.0850621307461073, -0.166515516266236, 0.135463912272043, -0.619921860503239, 0.413340617017993, 0.289675304930805, 0.530844032252185, -1.4112527569996, 1.5532123028376, 0.0332617616939231, 0.22754396341749, -0.0233216538603058, 0.245357328440202, 0.243174386231777, 1.58967126605775, 1.05059559372926, 0.976647617478935, 1.27517123574329, -1.08226553030167, -0.233501766444313, -1.0341691069649, 0.754314996745763, 0.447368577112847, -1.67951625007138, -1.47018021421039, -0.239267946143702, -0.253598769012427, -2.24367235565823, 0.718446026627776, 0.325690676662876, -0.382498388195641, 0.412338584056296, -0.73779107148413, -0.0901767548618957, -0.0729570616205959, 0.643376863137945, -2.31963699052779, 2.00518735355806, -3.79164386556672, -2.09094184468661, -2.28779409504004, 0.231269709609232, -1.52715677040581, 0.114700500775155, -0.33067356266503, 0.351273268902711, -0.992508674179278, 0.614379149068526, -1.81508433033646, 0.956646275119431, -0.688789002042334, -1.46705248399115, -0.638017997640772, -0.726438324329191, -2.71632256491973, -0.190638961603734, 0.837929470218782, 0.454653957040315, -0.0338176502732804, 0.00384117093861791, -0.0411894776317426, 1.07491522682917, 0.66559166179173, -1.10260024896543, -0.0746644123269649, 0.441167035606615, -0.689227341307585, 0.199975037082859, 0.156881494136633, -0.198328470024429, 0.566087151579022, 0.789925501874337, -0.748104327959307, 0.594372254017279, -0.30886908947461, 0.861152698701081, -0.461995615972149, -0.626463649120745, 0.185412872760463, -1.44156965469644, -0.405176059134744, -1.5800928633702, 0.413443360341703, 0.822470892420205, 2.48592949102528, -0.369419262374022, -1.6417259247108, -0.32067589695634, -0.500876165026952, 0.613510421163916, 0.429502950496014, -0.539043483524966, -1.09866894176226, 0.475998765331028, 0.218921604324787, 0.202916909517233, -0.765734191082993, 0.238247186141738, 2.08070921272338, -0.400696967591581, -0.199710965827965, -0.486180210181882, -0.774479730257671, 0.153767420143499, -0.525230112859614, -0.00788681634736686, 0.609121920054549, 2.61091431260807, -0.285156553780461, -1.89771193138105, 1.59206974405754, 1.08067175154007, -1.92478010361494, -1.33113244400408, 0.749373400416164, 0.588563363421744, 1.72746024066533, 0.270110584286436, -0.053985597859327, -1.9858355446054, 0.997875052915551, -0.127583050733972, -0.495509668594229, -0.0110545919532212, -1.22788448910331, -0.796303423975842, 1.56653224214536, 1.79101054894103, -0.225874626943014, -0.216380953800199, -1.34753637971967, -0.677709754507785, 0.875798287164625, -0.185413626879695, -0.237241424599889, -0.984786883755906, -0.800393795124211, -0.883907021758081, -0.441157418027146, -1.61600080857931, 0.663393652528159, -0.678654555331453, 1.14403204605483, -0.964598141258617, -0.510691008468159, 0.255338428272296, -1.028428410473, -0.141360714613304, -1.14234236865296, 0.0582640502263723, -0.655064070518489, -1.45266630507859, 0.776674991966205, 0.901337504301785, 0.227856244240312, -0.114711323140104, -0.977288403685034, 0.866875681254234, -0.341864538702854, 0.576719276992814, 0.703872314537564, 0.159008307744835, -1.14237646423148, 0.703245517114076, -1.41801556821395, 0.497786569411125, -0.866543733579178, 2.2997937114116, 2.70454577350207, -1.43771535020154, -1.20441329303317, 0.75902901346451, -0.493563898886069, -1.29048900113572, 1.20627587060655, 0.445996640822801, -1.00823925762734, -1.11623147921979, 0.759569078921701, -0.0448494597023613, 0.159079038972129, -0.456063261054948, 0.880584064436334, -0.548588027592602, 0.197679519862142, 0.926638434383702, 0.605197965810904, -0.309210923337508, 0.995638551713816, -0.0628151541068738, 1.92143239361321, -0.00857708943903489, -1.00408464907848, 1.1270038283745, 1.48328971818281, -1.51472248232742, -0.155917431190693, 0.671356519710291, 1.59272283622561, 0.2712020979595, -0.698169133203356, -0.127896140812842, 0.335406923886789, -0.413691253156326, -1.64082406870756, -0.658634729821102, -0.856826909744605, -0.378639203058131, 0.358418651633613, 2.42736054529011, 0.234802018605812, 1.15094537754028, -0.247059825827441, -0.197800103215753, 0.742772056078849, -1.14108689452984, 0.769465263706573, 2.31302781548175, 0.54522102832567, -0.405138252082174, 0.348265359025061, -0.481534938081204, -0.796271454315042, 0.277429766242772, 0.337969138060845, 0.195706282399096, -1.20823948699763, -0.524103836791458, 1.87703052563975, 0.345004497123349, -1.47329506705147, 1.0138770021385, -1.10556941157675, -0.728677927010916, 0.0563149032576455, -0.583868256028901, 0.744307254336673, 0.388250822931474, -0.958426073792844, 0.00921424123266482, -0.329077711172517, -0.00447619162741363, 1.38693062074821, -2.44739817081537, 1.21310365319731, -2.00311136634155, 0.231690945026243, 1.22627896166643, 0.290168569105326, 1.20284033791249, -1.05834175705231, 0.0379653374627845, -0.619638767525084, -0.396794866451603, 0.103283861289458, 0.682019714309207, -0.621323245549811, -0.380693118195964, -0.340971911767015, -0.19729912849132, 0.10896758035369, -1.68112901483574, 0.288310865735155, -1.22711686827005, 1.10443028260317, -0.282143449743892, -0.291021231226576, 1.30642499150676, -0.32596157882227, 0.382493719862667, 0.612935840994133, -0.695979619327345, -0.692333174442369, 0.181767375923694, -0.789148352056135, 0.522866778469998, -0.791419090865904, 0.966216068653866, 1.36799354487364, 0.433787300530882, 0.327795761673913, -0.31122060333748, 0.514154055221192, -0.885225560280478, 0.00965962920042197, 1.14571141004476, -1.62335241772122, 0.783528376152109, -0.658782292317601, 1.16932529756452, -0.669264564827691, -1.50373771982988, -1.46660045949581, -0.863521583694453, -0.594451308794876, -0.525909775370905, 0.690471484884246, 0.48220649851252, -1.10148846229591, 1.23510809292605, 0.091919795524749, -0.0234468238486553, 0.21242238032197, 0.0812844496425426, -0.873028555957908, -2.31906830642994, 0.346317050091641, 0.768708419905991, -1.82456829931077, 0.115130037623261, -1.68457563062462, 2.2645664075087, -0.482391091437432, 1.02117884930913, -0.0486043574142061, 1.26945439969252, 0.181239335577059, -0.365591166764119, 1.20516047136794, 0.290738164847686, -0.0140389639277377, -0.537170493693398, -1.073586189028, 0.14641954492499, 1.05680104579537, -0.73946744807106, 0.860392294918991, 0.148622392891945, 1.28316734488455, 1.42125815111159, -0.253521587660818, 0.336788031224831, -2.06470464336607, 0.183926752391045, -0.554143200837346, -1.03161931179354, -1.22058655561171, -1.94012163586138, 0.0478895713181907, 0.141239579661186, -0.386988483882672, 0.252575034576215, 0.137163374157879, 0.0206450853632422, -0.138955477003442, 0.409969005069635, 0.27692350537021, -0.904706787179356, -0.485786645091301, 0.297810467224612, 0.289382610766901, 0.389348698008869, 0.0924759674199973, -0.695112350817582, -0.370834223179566, -1.82594245255732, 0.975968163795779, -0.696913246279381, -0.385838121920249, 1.89010900578764, -0.77765849285071, -0.308951996117826, 0.979879773540367, -0.253679938552461, 0.249170526552517, -0.345346113936006, -0.817343371827477, 1.35740799591715, 0.966240124701587, 1.99421046271324, 1.34999529495161, -0.100959795438295, 0.741028704965017, 0.968408998444291, -0.455704385613847, -2.11141543194205, 2.10161195224974, -1.76920910893681, 0.0591811844312952, 0.249461308716428, -1.17097869701809, 0.354665637423977, -1.93508103220857, -0.310794079568754, 1.41146133487454, 0.184289146310772, -0.0272085267035759, 0.75361924821049, 0.129048510768128, 0.764060079814992, 0.157784206757707, -1.31796440157012, -1.49093776195504, 0.280438413860831, 0.441055940517641, -0.390059237212689, 0.0952181606800572, -0.874127821289402, -2.23267510547673, -0.429896922361627, 1.20006740632538, -0.0890498837817964, -0.940508940459939, 1.89500326970801, -2.01929131495811, 1.03370876465023, 0.488398173745773, -0.0168180537569916, 0.782878599765364, -0.811342307211778, 0.829653198868592, 0.234056849396848, -1.18081317099296, 1.15631729729305, -0.806682057088248, 1.00714699573498, -0.339084705563549, 0.156362853881782, -0.3684088538817, 0.613543156740136, 0.391600888453628, -1.67514378015043, -0.0792541879499235, -0.881137508004523, 0.753954810599061, 0.91675419103152, -0.0161443125089264, -0.0248411902873226, 0.626052864486821, -2.8177950976678, 0.203863845189426, -0.403284881412828, -0.598381939784916, -0.0793668095463956, 0.0121653946119216, -1.8802862532882, 3.16292945016321, 0.330057101799486, -1.20149930301271, -0.948362824407737, -0.248805691620867, 0.743238908747969, 1.85770478211895, -0.186890976259469, 0.0998357914479445, -1.14076088057222, -0.133158916000539, 0.470216196311804, -1.14597742273196, -1.38433206313086, -1.96615089424712, 1.16216648796016, -0.128861883129736, -0.194153824766437, -0.150908602442249, -0.135143112350083, -0.892362586757279, 1.30781552197266, -0.371307863395974, 1.61274584273544, -0.855590375101039, 0.96986619146146, 0.383581020849813, -1.04166104473374, 0.0859733801331005, 0.923181938220317, 0.518511489765337, -0.50839186920853, -1.51131652633146, 1.94393605498171, 0.0836471884311294, -1.88488995007046, -0.17619183195506, 0.813733802172565, 1.30164512186556, 1.26079722471778, 1.13295922915469, -0.55310380124672, 1.47633686245393, 0.237568081917906, -0.82256175758721, 0.242131056222748, 2.0285864523497, 1.20568958202907, -1.64621960189444, -0.214173980961991, -0.551463457667592, -0.53082376156364, -0.0438940749386376, -1.18685656480502, -0.87095207300143, 1.49491985877432, 1.23347716004338, -1.71951816521188, 0.446553818945251, 0.0168241644469399, 0.451712264059614, -1.7747610532167, 0.178373798135522, 0.96643242115871, -3.37364453870024, 0.222479104560307, 0.952036045515812, 1.67568402998183, 2.52269287014137, 0.641835263132465, -0.30086341932218, 0.0549477709041498, 0.312669385513824, -0.279733188248803, 0.564559513667043, 1.12949219398528, 0.558802429112214, 0.962702147752299, -0.53138979461208, 1.56878230264338, 0.951282850439096, 0.650913863675921, 0.168481774329518, -0.0217650520618103, 2.63101738091098, 0.247134010041582, 0.569241193197548, -0.35304767418167, 0.926756871650211, -1.36107169016971, -1.25230834734, -0.424760198635679, -0.32049627494059, 0.787633531774508, -0.617683468811874, -0.8974269354959, 0.514756413185981, -0.0678201017890749, -0.609410476728281, -0.846765470624664, -0.115825953903182, -1.2036553957299, -0.241727815404402, 0.764194759493154, 1.15314803207447, 0.776363423528522, 0.453727209503112, -0.295719743817338, 0.712933875619021, -0.173212042420371, 0.759361483784633, -0.139329398679696, -0.841268208067553, -1.67905494197711, -0.655649853614624, -2.02329234716731, 0.331970703696057, -0.562096245723333, -1.36522611118445, -0.710998091792644, 0.248299630737455, -0.852698899916988, -1.35381807427505, 0.00625699583658558, -0.528419279967907, -0.267526651151196, 0.435233173939909, -0.407853344829552, -0.381109947566048, -0.22288344931409, 0.763699843195845, 1.34779238385665, 0.0175925393176819, 0.708501104643192, 1.4043743938105, -1.39856593695887, -0.586796975569489, 0.52645183464432, 0.00492625129348997, 1.51952867950467, -1.23315202110507, -1.15559589919058, 0.314771101517941, 1.45635398542072, -0.826737512934621, 0.400766067626962, -0.144684976280036, 0.111670143392369, 0.122067148776968, -0.36750354129945, 1.1879694503862, -0.353075070706352, -1.25698909391682, 0.588392423219353, -0.712541052950788, -1.10743952017514, 1.17851540245908, 0.84966120686215, -0.42842392803703, 0.239390199636373, 0.516409883421423, 0.357675300835136, -0.118794956820537, 1.7483526044902, -0.0601544628296632, -1.06825038499861, 0.391699507715675, 0.827663511884218, 0.59477154013339, 0.150989876423393, 0.817975924012034, 1.26921185936714, -0.234004664916536, 0.375188906796657, -0.358555676109903, -0.757639456129139, 1.00610922497692, -0.576816826026689, 0.578095853626808, -0.165318301678708, 2.20150303113814, 0.135018282430436, -0.366572402710908, 0.0516131183411167, 1.07010188909881, -0.288701854181439, -0.982212701072646, -0.466587890388398, 1.13921391466743, -1.16088321071339, 1.38463463378789, -0.661228030769384, 1.48670792785709, 1.00022937296236, -1.34123214690347, -0.191590353075315, 1.55271094141136, 2.05926655252534, 0.416282000355837, 1.52516330347826, -0.401414273324848, -0.153630671271143, -0.39280353770177, 0.0424445154285319, 1.042819582576, -0.570701079732169, 0.595932326367112, 0.335726147513959, 0.834510411586097, 0.928773990305434, 0.518029638612933, -1.2323637777893, 0.129910544291239, -0.0981251320237627, 2.26012361465806, -0.550801883732202, -1.10936197756048, -1.6207582950075, 0.173221257560138, -0.0326915330641305, -0.0306209997461846, -0.226682962682183, 0.851849022805116, 0.295781815478169, 1.39544962371859, 0.36125180409557, -0.226681100740961, 0.0512075525579261, 0.977786178546841, 0.216659118477031, -0.0439393402795002, -0.884410007389427, 0.275038309952472, -0.332353663963056, -2.48431306560355, -0.697174645690465, -0.666660306580348, -0.092606713749014, 2.5592725718361, 0.595558180985758, -1.33388934549088, -0.551974664833558, 2.88073815584592, -0.526694676622775, -0.792342892108216, -1.90076817388662, 0.175707103824353, 0.464792506345399, -0.26213457604225, -0.835082946158401, 0.0320514061607261, -0.0638490946954378, -0.000167488563991879, 0.6619154435268, 0.699037543531493, -1.38274475212906, -0.877940203927651, 0.00240615534027108, -2.04207376354591, -0.601798468086133, -0.096954785223573, -1.31045112050631, 0.208149170505851, -0.631646711353972, 0.56702463241513, -0.356257002498068, -0.500579530807534, 0.777446060248934, 0.577620136059425, -0.499314654658653, -0.218092627823162, -0.115063207872405, -0.259491957073758, 0.235882143373437, -0.916303977196451, -1.34496348000821, 1.39722604914424, -0.0173455068023308, 2.06284141719071, 0.416844865022828, -0.450531506933419, 1.23475172533135, -0.0869485263650353, 0.451013954153379, 1.18937860958905, 1.20975379227161, 0.407579199314974, -0.0596978979046971, -0.0164278390954977, -1.14219953867813, 0.0665234445536207, -0.786756488620849, -0.173002631471379, -1.55592052327353, 0.875787664111353, 0.435095983594094, 2.3347812091826, -1.42351415087891, 0.991014062658368, -0.158266328870156, -0.371143690728142, 0.379621799527655, 1.20763888066755, 0.20374326617383, 0.674580646985471, 1.52576609359751, -0.136437945686553, -0.560457106261879, -1.41892013555057, -0.549046854292955, -0.566465338141356, -0.442628457269464, -0.580724780444659, 0.968030862636789, -2.04987645582047, -1.12777233721409, -0.466149221545781, -2.35176783811728, 0.531404495591748, -0.019585295224575, -0.377062243957378, 1.14742383746009, -0.293926129198423, 1.37094104133432, -0.201645222680429, -1.24614679996062, 1.46729224878766, -1.70374524518742, 0.218857456746055, -0.112357829809862, -0.157554872083603, -0.873867230405829, -0.605400237207823, -1.20677384202915, -0.0458725185178163, 1.15041210763728, 0.853772334844782, -0.432999787548902, -1.06897791599593, 1.61226962395071, 1.216164482907, -1.38776471981031, 0.152892773863315, 0.844577338899119, -0.212420713205596, -0.21647014376184, -1.06076306512472, 1.04466229201398, -0.511354923250045, -0.832786805923154, 1.13981982547488, -0.381137119920522, -0.694423887789163, -1.97264706193725, -1.5360503855985, -0.156271500589488, -0.165753900772536, -1.07439312077091, -0.145290317022435, 1.05948952420995, -0.161778241778211, -0.194246741246998, -0.595900567817922, 0.49873457837814, 1.84030607382599, -0.447408443506027, 0.404395601369066, -1.01954121664493, 1.51773231871104, -1.99226711690414, 0.0766742271512618, -0.840360442638835, 0.479815321455221, 1.04382069188937, -1.02160017647109, -0.764188704780613, 2.05906171479481, 0.671304541678282, -0.283742752876984, -0.00556754173743002, -0.237589563208341, 0.730539636602856, -0.164446507716913, 1.40367219055563, 0.623803642049376, 0.697675728353685, 0.173844525627575, -0.119966514866398, 0.644069047868048, 0.194087128357021, 1.00137503720133, 0.118899604407736, 0.870526235361013, -2.07535875835056, -0.332434594375607, 1.20052366381345, -0.103302433903607, -0.53635600470384, -0.371992164082472, 0.12646417997498, -1.08685725703534, 0.0694976316276004, 1.35670671892108, -1.95046955832652, -0.376640866332015, 0.8905290848141, -0.518036241816826, -0.163343635217503, -0.687394532217533, 0.664914575999815, -0.33699796943192, 0.417366130067788, 1.32077931881574, 1.42002102427308, -0.702841072014311, 0.0408329711797884, -0.768145926087533, 0.162688989092431, 0.931279916692883, 0.385921237959549, -0.736703784375184, 0.693612792283711, 0.215810002404692, 0.15921615400492, -0.327461105477076, -0.249938826433885, 1.72398783668932, -0.91673437851631, -0.852487667035698, 0.443147663976552, -3.0223951389225, 0.0326725157107431, 1.56764131312222, -0.179918474124782, 0.668780244384673, 2.09576229867303, -0.4060065622675, -0.332442621988431, -0.172874994899778, 1.57140119042109, -0.678565927741217, 0.235225953323376, 0.750485496654018, -1.33100641755642, -0.0578955008494295, 1.50314497699852, -1.83621940940946, -0.296771949770082, 0.150474641774858, -1.11382262219086, -0.812156992500411, -1.28342531290187, -0.714020812304846, -2.73159970087432, 0.408240989395963, 0.476856501675195, -1.31618438463906, 0.679397406149513, 0.0629522012124622, -0.0562883429559561, -1.11182901703985, 0.418299219593602, 0.484529219778096, -1.21330154684477, -1.15566162579842, -0.676282658040651, 0.647901689905957, 0.0480318005315053, -1.49663815099376, 0.747957594040993, -0.161951966378071, -1.02613525530104, 0.338998542657594, 1.87012918672016, -0.167525178713199, 1.05343754449815, 0.202037944767902, 1.65773405288918, 0.108580574872074, -0.576491662431802, -3.36616307730781, -1.37879340440325, 0.294651282256124, 1.49174530457296, 0.891077011891341, 0.210668557300127, -0.568569587323398, 0.58071808897542, 0.535588737829294, -0.485023882968924, 0.616920963235988, -0.986237291640297, 0.875828751554538, 0.706197348464555, -0.408763619715552, -0.807317396820704, 3.12683731272454, -3.44822611523065, 0.806852413802928, 1.40694426436312, 0.392370855472275, 0.221476100234163, -0.541969441083742, 0.63185528470939, 0.529334446652252, -0.550143541619619, 0.160316440313644, 0.22977899175578, -1.06672447835219, -0.149090348224067, -0.741842991949959, 0.139569080918766, -0.0669468893931784, 1.88555375240525, 0.421397576865536, -0.454885309712412, -0.896012514089187, 1.48602471394551, 2.21446865637519, 0.664320281519454, 0.325545814402193, -1.79185356154707, 0.730801198110891, -0.0422372267485207, -1.2386273765773, 0.264303376692675, 0.497823864040704, 1.66656559617975, -0.27432819272807, 0.444564843800964, -2.35338366428662, 1.7424681200042, 0.399321350541706, -1.59909241120539, 0.722416694159962, -0.248655250322285, -0.692163179869944, 0.919286931733097, -1.79210138433836, 0.824397086007901, -0.09149017699252, -0.900218538670124, -2.77403719471957, -0.125894058189718, -0.143889834879523, 0.656545435234806, -0.673218410418155, -0.295507752874899, -1.18815378073002, -0.627409488079206, -2.03844138721397, -0.333913751119507, 1.01958968432043, 0.3157017548353, -1.15733362421447, -0.87596883411818, -0.216978250623185, -1.1026902028274, -0.605873648380796, 0.6789916536428, -0.874288891299797, -0.495992683403039, 0.29772332066457, -0.361747901392663, 1.11794241080186, -1.70952314010302, -0.657843076774687, 0.0435361426794379, -1.6049950947825, -0.0118104478516472, 0.519744818719075, -1.42923923783692, 2.1877301952247, -0.0563413168057729, 0.325097884533584, 1.74544473207807, 0.299650285954416, -0.694836037951292, -0.282640961644254, -0.507771563762075, -0.596857857688327, 0.0645226041150464, 1.14172430845872, -1.88486921552571, 0.323473013262835, -1.10709742935608, -0.865006502530789, 0.182260662226082, 0.538185991744064, 0.598519995052261, 1.67468450131702, -0.190611788185335, -0.768304513735023, -1.47749765567922, -0.200655539552088, 0.282219419123003, -0.366137119565365, 1.21942608832523, -0.212369330124681, 0.483716972612006, 0.924494068233989, 0.0324593840039071, -0.769540914354168, 1.01183186338162, -0.157219375402231, -1.81291569734095, 1.79787581093155, 0.837304702307312, -2.55860863605021, -0.0295412484719409, -0.225493874312028, -0.642916479006884, -0.475463276865818, -1.14573237209395, 0.602617202563084, 0.0568291665655801, 1.86272386444437, -1.12560302411634, 0.557647414990965, 0.773443295414431, 0.324028290594518, -0.961454382098138, -1.57317044693963, 0.580056741991486, 1.1140504165761, -0.466465012387667, -0.127383616992276, -1.27043644242852, -1.51621012883743, -2.71119576716753, 0.799874624710905, -0.521538160394095, 0.998496554983258, -0.848758079070853, 0.452656726809034, -1.23232771321962, -0.348700082252695, 1.44710579675224, -0.232184766217212, 0.0141852983560778, -1.57499966509662, 0.87852257388391, 1.37968400690924, -1.147035210599, 0.354311327422615, 2.41970875275868, -0.962566085934819, -1.53973296722531, -1.30402640740354, 0.572166976287184, 0.521401100283951, 1.20164009822338, 0.438806280571465, -1.42920563181805, 0.505931117672739, -0.18135971197161, 0.574334991213792, -0.83125678214011, 2.18273957979298, 1.5616872305677, 0.964335660825446, -2.27638022870679, 0.0802871519137404, 0.222273388785685, 0.245132694275857, -1.42691569152186, 1.1030877189337, 1.0216629432382, -0.0421909685876102, 0.832529019559973, -0.569128503124015, -0.763840165951223, -0.587509038133813, 0.43794092791561, -1.02957060484812, 0.56087941404286, -2.02838725908264, -0.401399473510585, -0.785600190561222, 2.10890466958608, 1.50183064253667, -0.0337796041011527, -0.0745297659826073, 1.04111495451185, 0.768899066348839, -0.239246404577218, 0.2387253854493, 0.519078382020672, -1.24729417584581, -0.913600805084224, -0.205988730590505, -1.62329611417049, -0.0205940977660586, -0.202851166516863, -1.63287182801944, -0.780447892101172, -2.34745944580419, 0.208669822853417, -0.628727698638179, -0.0232835654801012, -1.10481611150547, -0.420289856299397, 1.61324605446207, -1.659855766685, -0.279362259392458, 0.854071296382744, 0.0669263185143806, -1.15284215173887, -1.84741017631081, 0.326640648751076, -0.131001063464747, 0.293972939830784, -0.607214439823438, -1.1660244045902, -0.554549684312465, -0.502399970048038, -0.116672119830576, -1.06348432382842, -0.529084876429158, -2.15658446935681, -0.0194763313761766, 1.19695398770263, -0.742590751286315, 1.71389751445838, -1.60325070672334, -0.470347877394086, 0.93591095341734, -0.86831117155109, 0.615635076066765, 2.02625222591492, 0.579237064817694, -1.0406354573699, -0.0233614763511223, -2.08044915437234, -0.892103740055853, -0.197258102581824, -0.0783780321162353, -0.469647646405216, 0.645168651805484, -1.29618839952898, -0.270256958328911, 0.259079783370677, -1.86824487411968, -0.366438122664371, -0.183504233669483, -0.0589725173203578, 0.518916773987439, 1.06827763408859, 0.0484635069442598, 1.88184639608026, 2.24981063225045, 0.713920404102432, -0.559507580944363, 1.36054765247517, -0.975746464424436, 1.08634774299699, 0.0613081426475988, -0.184455980229368, -0.00722742495463811, 1.06922944789031, 2.80423367924939, 0.0562900406778617, -0.132356485306283, 0.609708021383078, -0.112690573469842, -0.457228175097038, 1.50881626464505, -1.26967782051035, 0.126891730000533, -0.67453880713978, -0.87367264259032, 2.10986923795233, 0.315197580572456, -0.891529448319906, 1.82285353956265, 0.173425565288656, -0.880047379607567, -0.216434093128183, -1.28486922172864, -0.401878240997575, 0.968091284063037, -0.618836542075881, -0.205087511644731, -1.75630237473988, -0.412584932763935, -1.06565280184131, -1.34069200586241, 0.893967172451139, 0.242317430071661, -0.367528555643259, -1.81032630325869, 1.11998258823966, 0.798384893759124, 1.30301395511166, 0.163943279218322, -0.0815793825783366, 1.12393023046144, -0.584298675999642, -0.330552157804338, 0.315706363045687, 1.18449223378399, 1.06894761644331, -0.772876794699368, -0.0298953006891114, 1.05700270753623, 0.525627257356867, 0.534593459278259, 1.19809350774086, -1.38077221685141, -0.889389321181913, -0.0912871628287948, -1.22158935364498, -1.02465466211509, -0.568725354528805, 0.132029834886908, -1.21823104140537, 3.10142724654494, -0.80182230479066, -1.24886322330814, 1.03547497350816, 0.943081968551976, 0.0953691451742639, 0.0110071877035245, 1.72241000565061, -0.385487982729945, -1.48398279649165, -1.84090289846796, 0.140668082838378, 0.783196359683873, 0.88690200285021, -1.32209547398698, 0.797891948172558, 0.113889196429156, -1.58152599639063, 0.628425583056028, -0.763181442810515, 0.478279203937003, -1.20270039794019, 0.189386145995914, 0.0651753368570969, 0.733627978399265, 0.445736782659463, -0.0610069189582585, -0.352359005756181, 0.376215765447733, 0.833412555723417, 0.0184337349248948, -0.802311401948459, -0.974682635348929, -0.868803838279772, 1.77952804203019, 1.28535568721, 0.787558877788272, 0.049679639240545, -1.01453552968968, 0.849969109746277, 2.25259954366374, -2.44433132096802, -0.0490620347864258, 0.142217716570662, -1.3348432842681, -0.788325362605333, -0.205992681530251, 1.63752918440006, 1.12645305419092, 0.0783648067894456, -1.17909695053302, 0.691544998881425, -0.0435552362498634, 1.23147251465791, 0.604371865631349, -0.604916592837162, -1.61140148546118, -0.355422843893206, -0.623432207781894, -0.283330539146627, -1.20109600272363, 0.115233887716216, 0.736928378348734, -2.20159055247104, -0.942715604084121, -1.07258081020886, -0.0954805604001292, -0.0138286216750232, -1.17193088289371, 0.709929938980449, 0.259062195141183, 0.461931335421041, -0.81443178787591, -0.88123140269258, -0.509590076460556, -1.57250146710858, -1.13829167800291, 1.06705248098374, -0.613214325925124, 2.47160438524069, 2.42748759593969, 0.159465611675756, 0.875599931266221, -0.938516789614481, 0.0265472340201352, -0.437273256264466, 0.0386371120670417, -0.50085474543882, -0.503499400755853, -0.0413593469326807, 2.20440286264164, -1.05463436325017, 0.412538224050738, 1.31992899627503, 0.13577475932782, -0.167124691931712, -0.198258007223294, -2.10717287091899, 0.886588724671497, 0.661783100922452, 0.984825364872379, -1.69728564915436, -0.560710689984068, -0.709206661705116, 0.0108376663266243, -1.5680864257021, 1.23353350044808, 0.895237659431426, 0.96332806493783, -0.0168045406146437, 0.587803929763365, 0.438450077466614, 0.523337471993172, -0.0664327908911896, -0.844415809899291, -0.696027764716213, -0.804450008588463, -1.10656740512536, -0.185229414333209, -0.166737363475074, 1.29624939326451, -1.39725955726245, 0.312239010696453, 0.55270965655223, 2.47129928652092, -0.735839626796376, -1.05370556565285, -0.266296077079605, 0.0480250874391165, 0.658608558632196, 0.922923450349057, -0.503112984922037, 0.69824369280855, -1.41140579689227, 0.293683584505469, -0.828867708361522, -0.43864400061773, 0.242415316050822, 0.395605433901813, 2.16152490584112, 0.942903002105406, -2.50974229421679, 0.592601220911292, -0.338100357220859, 1.16316971115618, 0.852849948108764, 0.681621870243676, 1.39451063025735, -0.616358431265523, -0.0468439786711888, -0.432778621922375, -0.303020098892752, -0.304235579641319, 1.03277333778515, 1.37250848624358, -0.391830929333062, -0.523100758829071, -0.449240278208624, -1.06829574923368, 0.731092706039788, -0.0098303732390239, 1.11919675783912, 0.189532649762638, 0.610202889015843, -0.463827064130995, -0.244278037980325, -0.334955730911066, 1.16878160313941, -0.00386228129881031, 0.34824434600709, -0.467801991119969, 0.730368911158874, 1.65918140605979, 0.587873242393324, -0.385965595671579, -0.486390881683435, -0.349835398657989, -1.81145303105071, 1.76868326924181, 1.04517119002355, -1.07030293752954, -0.0707139744156388, 0.0135244418770029, 0.212553211642279, 0.621650801071243, -0.302441571233021, -0.702822450587919, -1.88269589544811, 2.41103557925492, -0.934995754681266, -0.128504122458347, -0.0476231493556444, -2.02501480714519, -0.536916800231075, 0.769303266525948, 1.73701268826687, 0.347209022684387, 1.19990770746966, -1.43236304242094, -1.29213722217032, 0.426776666158346, -0.0626537775149007, 0.479365417626357, -0.0078510865766881, -0.172958411101861, -1.95837487812281, -0.168926373219299, -0.490034828522036, -0.0371344151572074, 0.236969313408741, 1.90363707065284, -1.41009415156102, 0.26650360084367, 0.0574422625836912, 0.177944067833962, -0.21296858265543, 1.85961880112314, 0.809954036395991, -0.677834768459681, -0.210542902866856, 2.42371286044339, -0.237927190634393, 0.270292916463234, -0.532335783066953, 1.49215823752035, 2.26481020102276, -1.03451372244947, -0.154465782517727, -0.308627364422107, -2.11352367937087, 0.793270923897559, 0.92106839181526, -0.222075790401172, -0.69472910988111, -1.66225206338845, 0.202944506765076, -1.62705059736669, 0.230585699329951, 0.0470771222234921, 1.00400354825492, 1.59456180231828, 0.0738295403464595, -0.32619228069328, 0.337080636267743, 1.52814336832712, 0.552707120812193, 1.02348762115893, -0.0827244137225534, 1.03683167160226, 1.05183122623866, 0.442099245712915, 0.52788193614895, -0.770398998560876, -0.493884254115655, -0.105850235488903, -1.33492820270621, 0.716216564789724, -0.897454555234844, -1.74854471963022, 0.0810684973800123, -0.565187301290518, 1.24171399995626, 0.24812207269574, -0.585768600710753, 0.52438343180397, 0.0121645616353838, 1.31017934463216, 0.543400049367713, -0.0978158551770373, -0.767593987405369, 0.849043171912326, -0.260921284781198, -0.0554130834849366, 0.073128970226353, -0.741260246874094, -0.854860934496286, -0.230600737232375, -0.258239020596906, -0.216494913452456, 0.485889511155888, 0.398589983539557, 0.932132178983927, -0.102774583588506, 0.433930079313421, 0.678893510974665, -1.48494141257619, -0.184413994551173, 0.229371139547846, -1.10543404750305, -0.172925061935639, -0.669110987323061, 0.574366079552764, 1.21515084856432, -2.39511495785033, 0.567142187500022, -0.10910265608503, 1.72664541672427, -0.872540569736471, -0.609388571779865, -0.0857661566567315, -1.424173268573, 0.295460460152518, -0.573236570061016, 0.34283455339373, -0.0166128001175632, -1.84604561557728, 0.54485339236156, 1.71794827394882, -1.08477754130784, 1.7120030075972, 0.142056562053738, 0.0296622048853887, -0.164738333237558, -0.247295189287657, -1.05614058508898, -1.14742023759136, -0.671185031546218, 0.204376452540929, -0.658067919931687, 0.616217138512953, 0.871040638402721, -0.187984822842078, 0.204057855316305, -1.24600438964608, -2.56840575868674, -0.388449786039248, 0.771345906234046, -1.07541012628759, -1.5053343564013, -1.63445568827814, 1.28031574935015, 1.17438139220239, 0.254410433644781, -0.22211161851674, 0.28175319096297, 0.48836976669271, -0.539353252006308, -0.266955956956667, 0.368574636145409, -1.51275296334357, 0.440558624913966, -0.930626497827395, 0.723228015758887, -0.165492868434388, 0.624914624268804, 0.522547377751207, 0.367910676263091, -2.00993427220227, -0.282074098086317, -0.211941822898554, -0.0689363015954457, -0.0224303034842861, -1.64143750668812, -0.306609024076992, -0.465251294440446, -1.54278812160902, -0.69988271282757, -0.94741700207087, -0.344653379834665, -1.34099857222641, -0.307572368125001, 0.915445417701932, 0.251725650660006, -0.417628201573138, -0.177230882889446, 0.345568247764749, 0.693746270025675, 0.477197902410393, 0.359034935527003, 0.531744802455936, 0.490490868473603, -1.29279439332851, 0.565380840117442, 1.55017504354913, 0.706064500180861, -1.11627410927232, 1.3330658642479, 0.333723425704169, -1.27854184963195, -1.18802214483799, -1.33450550366988, -0.501542613183048, -1.28654012471632, 1.15973658554262, 0.170977380693405, -1.30566902323479, 0.292786208795775, 1.49435485907024, -0.499054322330318, 0.940549030114467, -1.08213194089579, 1.15195668141334, -0.238903282983849, -1.74541653078557, 0.197985231790561, -0.571346332236931, -1.28390637695769, -0.328859921139177, 0.621587497733335, -1.55931551223871, 1.39625395951776, -0.154241336850779, 0.0241173545542153, 1.06007522474255, -1.37972391167305, -0.029257654237043, -0.24111130424533, 2.27843929914753, 0.608420378464118, 0.0924384814242968, 1.22486947685899, -0.269651362360931, 0.0487517978390346, 0.0496202122507236, -1.16486399577739, -1.7074844282685, -0.282757500899032, -1.04170997140701, -0.0293402326700032, -0.121753291966548, -0.627937458425611, -0.197207629017872, -0.104463088084694, -0.321148550229289, -0.442888606862323, 0.432763445530518, -1.19385358215239, 0.743762840466096, 0.498127590807472, 0.170708027100008, -0.550213930868771, 0.687683538880563, 0.722926546447843, 0.514492704718393, -0.769368382704149, 0.261941922003227, 0.064730703790158, -0.0124240028492976, 0.558245503211276, 1.97249852709582, 0.0760799775422593, 1.8100480176602, -1.0756302214519, -0.34413530924688, -0.251916927110256, -0.249039546304254, -0.272859923515464, 1.36624749580072, -0.554728057705215, 1.48029680180836, 0.944047139781782, -0.223377291728085, -1.12244284361336, -1.31097376870991, -1.03657302626914, 0.21924042014026, 0.395263930472227, -1.33133316171987, 0.880771147915955, 1.38073327968836, 1.18999205782586, -1.67877531191396, -0.401485788049752, 0.478499208411445, 1.12161255031265, 0.239902087404448, -1.25039206084929, 1.44665258437702, -0.0808551927262206, -0.472656585540319, 0.458186682340888, -0.344292973046189, -1.22703443948939, -0.510237669476959, -0.622989534333684, -1.12075940005382, 0.620747830945905, -0.877865310451226, 0.818638974397856, -1.22013013437336, -1.48355097906804, 0.0371729672361331, -1.26078471258914, -2.08597941014132, 0.940662669629784, 0.412678279579, -1.35346406021843, 0.132606962151894, -2.65097927333042, 2.00815094569045, 0.71230017528919, 0.169592554508283, 0.583133244104736, 0.584527101929306, 0.458663354128319, -0.813051432408953, 1.94301488908429, -0.479219543074097, 0.990545881965227, 0.21180078641621, 1.17222941905083, -0.0469994111199954, 0.166699257415989, -0.611386127438182, -0.774828771916774, -0.14423278803605, 0.472342939525834, 1.12575443663032, -0.625995943267531, 0.129147532050799, -0.411225954900041, -0.240605965405496, -0.713146100809575, -1.1348377973641, -0.241122448010554, -1.13149700925714, 0.522835976641509, -1.21050412755276, 1.1524462209057, 0.157409353009703, 0.423325520250429, -2.50105681044236, -0.951412918357827, -0.677903193452728, 0.604403276154224, -0.0407698439558525, -0.0503000352938137, -1.14584014045413, -1.34803642927129, -0.390884695439531, 0.00876592268942363, 1.03335130164549, -1.28367753080495, 0.236260785339407, -1.27163501022839, 0.529791249612668, -0.26277126610954, -0.353401103905462, -1.14674247164896, 1.2380835396913, 0.849893300002122, 0.484582754318333, -0.0597796560207073, 0.620257949477892, -0.673185815593899, -0.779067176142422, 1.4426422260643, 0.0208672354128352, -0.421191822258144, 1.28377508321649, -0.588704181722758, 1.67391735006794, -0.0830007925972558, -0.768558680533952, -0.29069099429553, -1.5391815174222, 1.44194426861209, 0.302833363484234, 1.51863673853961, 1.00651142639208, 1.07055323188167, -1.89034073298427, 0.505894882112997, 0.378872784675759, -1.51880964434249, -0.886102300409569, -0.502839298152781, -3.3959157848611, -1.14667766652233, 0.721268737655279, 0.0087918629814053, 0.0652299039702074, 0.443580621178117, 0.0184546153223476, -0.0716624336163332, -0.429379002882957, 0.930497595362854, 0.473710086937487, -0.265363451757598, 0.369024697104656, 0.0255731668637292, 0.296917738110231, 0.249219349834864, 0.640117383453983, 0.528864897681703, -1.2987752239444, -1.123823604138, -0.819128039682423, -0.364690152461937, -0.270462988085986, -0.350007938171085, -0.795859114828996, -1.25369169859905, 0.254730338645555, -0.511596275021705, 0.150982547301918, -0.3322027751937, -0.569195650887497, -1.41327601223567, -0.324039023541931, 0.565408712190886, 0.104205724677781, -1.01305822488009, -0.796602729519901, 0.934598323960272, 0.755207029252174, -1.77817714197511, -0.617424922749757, 1.1331829327833, -0.254339618102779, 0.0552982672372195, -0.928022945803719, 0.642470827220066, -0.180872233152108, 0.885996063593731, -0.454457680397899, 0.67640208665265, 0.352334367908233, -0.969810098298854, -0.369363476527556, 2.48253951479686, -0.656745298664191, 0.327283778253012, -0.788230061425147, -0.845343260420596, -0.704344969641904, 0.19726581777864, -0.492698640632637, 1.03797159108671, -0.274367010312442, 1.22349152459901, 0.530395829891848, 0.851643485707754, 0.892171935496489, 0.137266386926066, 1.22697665555399, 0.164226593492458, 0.79613154592097, 0.777791360210419, -1.06452405769416, 0.279326788274001, 1.31163454844292, -0.269329999864751, -0.614753584993454, -0.0496455944802309, 0.382365344099656, -1.23921036356665, -1.04535215366972, -0.767731975050283, 0.559491513294577, 0.343882475310463, 0.963067840026793, 0.718352541491253, -1.08661437276937, 0.180581126558551, 1.27617752938281, -0.78416764933243, -0.502673044905668, -1.56806633351207, 0.0466222834621663, 0.741476568066322, -0.945663363880328, 1.30782265483237, 1.64903909628086, -0.489171338542505, 0.636853125678478, 2.25122062699393, 0.117651263976927, -0.228173024900986, -0.763570349921684, -0.367042636163955, -0.703195466974255, -0.956353036210453, -0.212922676338061, 0.287160053451215, -1.56156372322425, -0.740475955839126, -1.59807524728648, 1.45168707545224, -0.466097752383227, -0.447818595291645, -0.519360164598515, -1.76269056782908, -1.31397313871313, 0.277482919583403, -0.021501426412548, 0.129896834841187, -0.501973186661975, 0.731240035546483, -1.088759018881, -0.691352676741935, 0.290290648849611, 0.79028050513725, 0.96196658101639, -0.127389440872469, 1.30009216118828, -0.430979473478785, -1.36466563100066, -1.24181864296402, 0.117759535458046, 0.0964894875335469, -0.290016996013232, -0.814229555068978, -0.707841922584529, -0.132291157787731, 0.617378480851218, 1.52023280881001, -1.19223351239745, -1.13744465740897, -0.22058151955245, 0.229296290459477, -1.6609771086192, -0.0180930286640339, 2.0760053171153, -1.76285082852653, -0.324810757483911, -0.226128324313583, -0.966194641855447, -0.0259346280865086, -1.22181806545351, -1.17964266129019, -1.04159650853649, 0.776337258515252, 0.941757855155804, -0.737107709393606, 0.887327263325098, -1.68714564941598, -0.424506092067948, -0.854488299652671, -0.703105478971397, 0.728611664024224, 0.303133427341683, 0.481690174401558, -2.07062419547154, 0.101174822108607, -1.35718141468353, -0.63900264383061, 0.873139243867864, -0.743029433445477, -0.934208272890324, -0.585701953054838, -1.15324191032167, -0.325884199566575, -0.378317373919078, -0.261008465312318, 0.112984901823293, 1.29717094678763, -1.74788563505206, 0.918979716725148, 0.547432096166695, -1.73642486027668, 1.30032772882996, -0.103578302059615, 0.162746043425776, 0.539035563113492, -0.677418558737479, -1.10530675559792, -0.403161632359435, -1.34404983407591, -0.252930124197866, -1.2979932252014, 0.471860683171189, 0.596875197344696, 0.550307821263151, -1.68894661534019, 0.86328158897686, -0.18259597762971, -1.10760723430093, -0.211039796170424, -0.927660335156274, -1.3403297302457, -0.213237724761892, -0.0214373543773907, -0.700482061338185, -1.02473548622036, 0.844019309738666, 0.648879791512974, 0.503881560452098, -0.341807450340847, 0.0699209699289099, 0.250601460152438, 1.33193828492696, 0.350346961789852, -1.84513712751357, -1.81051384197392, 0.209372574306368, -0.00466304347315589, -0.618526556048543, -0.589817916489875, -1.15611593136376, -1.7001296638734, 0.428712615368923, -1.14695379573313, -0.251732447255926, -0.132856495022911, 1.32590988971823, 1.53992493572101, -1.22057774330171, 1.06346720184529, -0.501443344036713, 1.92864099469105, 0.197516219129201, 0.798779852066588, -0.944171101282305, 0.326722056998798, 0.252782270744706, 0.642632993427394, -0.287416867371298, 0.687207782761224, -0.221549459905851, 0.184238881162639, 0.172428370313791, -0.656671378473162, -1.02500141812468, -2.8099686585549, 0.601775226579743, 0.244994781024368, -1.52944696839544, -1.24213637642401, 0.999066351719255, -0.257500660117615, 0.0916054241654096, -0.859792105036174, -0.288653809121779, -1.46029674834814, 0.561326916697215, 1.38643506540639, 0.107055036623591, 0.428823309195141, -0.0561805571987368, 1.32209292714358, -0.164770061772852, -0.432567596942198, 0.814256526045044, 1.03787302762567, 0.799447695480099, -0.486779326926266, 0.168896673648593, 0.699092169978897, -1.09751608311595, -1.94674919607046, 0.53834974936012, 0.500560352429516, 0.535844242465988, 0.524854583749823, 1.76690619915259, 0.123740114610189, -0.128049934016289, 0.130066532649884, -0.317296743438091, -0.187595833533508, 0.608616198542131, 1.18036447578806, 0.395921129693363, -0.969094116570328, -0.0265226642636386, -0.631989410421352, 0.196646642381193, -0.198278492578557, 2.00699203845347, 0.079019266643357, -0.805873975692494, 1.19879520178451, 0.389107383877907, 0.344936996735278, 1.87503970434256, -0.290044148996493, 1.34369910852074, 0.0640632196307729, -0.708124670900059, 0.852404097320802, 0.655074078301013, 1.69002956223541, -1.44803017398252, -2.26551524119971, 0.0492030089447354, -0.32259283380242, -0.295426925173686, 0.446162568094289, 0.738078048735677, 1.54329347080669, -0.0437382394765864, 0.0199266304608036, -0.861707570891746, -0.969224840411578, 0.51795676279908, 0.0927849098088382, -1.49781591598685, -1.18789057481381, -0.200386663825031, -0.971124474841483, -1.41176464695485, 0.837161092917721, -0.936687274354219, -0.270645043015718, 0.0578863511010189, -0.721516259666208, -0.832740020222506, 0.0745205280609975, 0.847559947212485, -0.454371698916881, -0.440395383195135, -0.508284286791978, -1.78149149300072, -0.200067239375405, -2.09680306386245, -0.789557506377614, 1.46018243808207, 1.17730536789413, -0.0766227760341863, -0.71806038823783, 0.881837758457971, 0.32795071069532, -0.932118607424862, 0.540695468029845, -1.923916334719, 0.15506657164094, 1.86773072310827, 0.0399179994200429, -0.929822044054398, -1.23069833657531, -0.568056316198761, -0.495796342615287, 0.675072992726871, 0.160101159674966, 1.18419924709523, -1.11599624309692, 1.19345342793991, 0.81292866618695, -0.188099271540517, 0.0278273257650322, 2.47623309008063, -0.52370886945123, -0.534454916367267, 0.153022649856534, 1.37067895904671, -0.0877587112560233, 1.47898498208158, -0.658956467000899, -0.995037263025858, -1.73717330977353, 0.0739688034638341, -0.861175056855844, 1.22808862164745, 0.564451658536276, -0.609210304216481, -1.09395548371515, -0.254329555994692, -2.62098737471249, 0.200676726812821, -1.68005546987667, -0.276528647302625, 1.16332874775199, 1.77298199663994, 0.764257006888136, -0.0409167776258644, 0.252372260793524, -0.207866306875469, -0.251153817404307, -1.38181384699821, 1.6785041290725, -0.600184847198928, 0.461647406932034, 0.166766396649631, -0.420455116356081, -0.532772027774438, 0.607164492998403, 1.19829432686752, -0.214018677788067, 0.727814059001661), .Dim = c(20, 200))
"n" <- 20
"p" <- 200
"rate" <- 0.2
"p_u" <- 205.369121640298


}

######################################################################################################
######################################################################################################
